# Matrix A: 64 x 64
rows_A=64
cols_A=64

0.700928 0.666087 0.0478132 0.494403 0.142937 0.78282 0.961022 0.175046 0.621536 0.028099 0.541374 0.371824 0.104562 0.468359 0.983657 0.920591 0.571665 0.942996 0.199455 0.953532 0.507256 0.311825 0.391431 0.858619 0.923083 0.942188 0.269209 0.903337 0.252734 0.466595 0.764131 0.953662 0.132683 0.811944 0.448065 0.27562 0.594764 0.409088 0.450666 0.2163 0.437187 0.99204 0.588124 0.541749 0.460399 0.571781 0.46234 0.0320645 0.514777 0.661795 0.985597 0.022033 0.97362 0.377027 0.880652 0.896704 0.319215 0.149861 0.800041 0.571949 0.616456 0.564172 0.525611 0.749139
0.376116 0.973676 0.0247582 0.97088 0.382764 0.475424 0.18718 0.81995 0.467464 0.775304 0.361699 0.927863 0.347085 0.82404 0.959928 0.861862 0.485835 0.945525 0.883895 0.459455 0.322552 0.764547 0.356159 0.641767 0.914408 0.1562 0.213716 0.530864 0.720371 0.739326 0.280003 0.0964872 0.713002 0.304761 0.0673668 0.0957657 0.780185 0.254547 0.915716 0.247649 0.0298503 0.277415 0.175513 0.376935 0.101455 0.13544 0.238797 0.58729 0.0809649 0.122691 0.0467456 0.403517 0.887238 0.402905 0.0452837 0.801646 0.559105 0.258999 0.33251 0.279476 0.998326 0.612512 0.375963 0.711328
0.917273 0.44333 0.807093 0.697458 0.697877 0.722809 0.945107 0.727727 0.000224621 0.12062 0.104662 0.10168 0.25606 0.343459 0.68897 0.337025 0.46615 0.735715 0.740542 0.353388 0.13862 0.785825 0.155034 0.697725 0.0448248 0.487544 0.977201 0.0431503 0.100056 0.353164 0.754478 0.017329 0.796494 0.561571 0.714787 0.494371 0.28438 0.659894 0.222098 0.284605 0.780514 0.32676 0.386285 0.0365734 0.670218 0.0752546 0.373598 0.136368 0.81097 0.11414 0.489756 0.94959 0.899966 0.64479 0.647315 0.94479 0.132334 0.624516 0.987941 0.23239 0.97768 0.742419 0.249719 0.774174
0.30399 0.964506 0.268545 0.588371 0.6244 0.490643 0.872976 0.404913 0.817403 0.25926 0.441487 0.487621 0.334515 0.815085 0.623989 0.145485 0.929225 0.113746 0.0950752 0.82919 0.758536 0.74239 0.773981 0.89087 0.366906 0.761922 0.12326 0.344586 0.50434 0.372978 0.118761 0.80833 0.337484 0.387306 0.396701 0.961884 0.877949 0.269676 0.366797 0.695352 0.528937 0.808283 0.182973 0.863452 0.623368 0.806963 0.0089368 0.552593 0.920708 0.104012 0.381783 0.679244 0.846402 0.155764 0.570114 0.213308 0.917686 0.693374 0.557895 0.422026 0.0663519 0.676656 0.230357 0.403836
0.0639618 0.627057 0.365719 0.941911 0.896734 0.732516 0.637263 0.425671 0.540799 0.820237 0.289123 0.164167 0.627199 0.298059 0.71676 0.547908 0.402071 0.0985435 0.227152 0.248473 0.254308 0.797266 0.461782 0.171994 0.490639 0.0196767 0.59402 0.556991 0.696332 0.824377 0.960827 0.760294 0.451434 0.326547 0.702205 0.348168 0.0590627 0.339469 0.773839 0.599862 0.159705 0.0629615 0.764029 0.786905 0.361021 0.480789 0.334813 0.763092 0.579333 0.561965 0.0115657 0.83364 0.359231 0.473348 0.00563427 0.84987 0.493024 0.599654 0.406861 0.189357 0.424031 0.367689 0.949651 0.875465
0.694235 0.651856 0.223633 0.753298 0.991325 0.997472 0.35316 0.15103 0.0604339 0.117189 0.937935 0.421455 0.597978 0.272747 0.184547 0.17731 0.834712 0.196113 0.010951 0.193942 0.66946 0.0165852 0.0438124 0.162484 0.61624 0.450674 0.351841 0.0402707 0.818362 0.301492 0.915736 0.512598 0.953348 0.13937 0.265895 0.944672 0.136842 0.619055 0.095702 0.197276 0.736244 0.0336366 0.618731 0.334222 0.306384 0.803277 0.511532 0.141095 0.99939 0.522483 0.335038 0.66885 0.539069 0.37885 0.831334 0.155308 0.829524 0.183175 0.195579 0.647886 0.484667 0.111315 0.160484 0.438015
0.250684 0.426379 0.382687 0.387526 0.0454345 0.478389 0.584802 0.781678 0.512025 0.203533 0.1159 0.818409 0.00681032 0.627433 0.959505 0.00620026 0.149916 0.294542 0.67505 0.688984 0.673392 0.506385 0.844293 0.502916 0.68956 0.0398714 0.150803 0.174227 0.151186 0.311286 0.612242 0.401871 0.737666 0.994929 0.789397 0.7831 0.473318 0.3742 0.564779 0.985343 0.577733 0.680679 0.803752 0.584543 0.308111 0.763257 0.590743 0.458027 0.0577993 0.265793 0.147012 0.731192 0.772178 0.991304 0.234108 0.461738 0.0311758 0.38491 0.635965 0.182362 0.696197 0.248207 0.584233 0.433862
0.243136 0.37363 0.216963 0.716453 0.74783 0.781741 0.701796 0.325562 0.46242 0.505549 0.910105 0.770532 0.268806 0.500848 0.228559 0.326605 0.766642 0.375571 0.0577965 0.53882 0.366875 0.291904 0.000558014 0.398051 0.676815 0.636523 0.580413 0.373012 0.88473 0.164646 0.806874 0.127866 0.538276 0.0238369 0.844319 0.286106 0.805578 0.546115 0.611669 0.267998 0.0516637 0.521774 0.0385295 0.320469 0.0226225 0.267088 0.647074 0.789264 0.642659 0.70487 0.328084 0.00953453 0.996775 0.328642 0.407586 0.67359 0.965165 0.987999 0.0466017 0.849895 0.152645 0.853476 0.977761 0.690921
0.877313 0.82208 0.977028 0.682891 0.368195 0.588696 0.950889 0.419859 0.11047 0.989418 0.740328 0.133093 0.256507 0.387402 0.922357 0.899166 0.0922722 0.250441 0.908701 0.0890471 0.579084 0.316286 0.762637 0.544249 0.304285 0.809239 0.394144 0.45693 0.662715 0.371905 0.147851 0.540027 0.193985 0.124879 0.222918 0.56218 0.713575 0.173807 0.982039 0.824045 0.163225 0.722366 0.957138 0.419732 0.109768 0.879495 0.318898 0.20204 0.129936 0.227599 0.291087 0.70902 0.543885 0.0537243 0.253269 0.84817 0.862963 0.647413 0.3051 0.525678 0.0193185 0.452952 0.0657051 0.213304
0.57783 0.288623 0.775484 0.291405 0.46243 0.757522 0.115451 0.625656 0.479889 0.0725887 0.0453882 0.589657 0.952084 0.364287 0.791697 0.0820198 0.591886 0.0827841 0.79104 0.135771 0.136508 0.0443083 0.983941 0.999471 0.691721 0.289042 0.525149 0.71104 0.741993 0.590854 0.924344 0.319824 0.879478 0.699827 0.611229 0.341908 0.45735 0.72668 0.967564 0.937238 0.799268 0.0129521 0.526895 0.751352 0.377239 0.318591 0.833372 0.969124 0.401376 0.624411 0.104895 0.537884 0.66872 0.0888366 0.537355 0.360441 0.377878 0.0625046 0.0714811 0.119871 0.653359 0.995825 0.439695 0.532836
0.695652 0.0509241 0.874744 0.153002 0.777604 0.842308 0.0902396 0.576872 0.85526 0.617134 0.328225 0.232499 0.935726 0.161596 0.201623 0.337101 0.786008 0.306518 0.874985 0.454728 0.395355 0.412341 0.815169 0.773233 0.474845 0.88665 0.893105 0.128204 0.882475 0.3328 0.66104 0.578127 0.383724 0.535784 0.731128 0.161328 0.378092 0.821368 0.7382 0.233352 0.438502 0.0664247 0.465851 0.374228 0.228021 0.667474 0.711329 0.0140291 0.973992 0.586314 0.468757 0.369347 0.998655 0.283926 0.142581 0.4735 0.170576 0.0356851 0.601704 0.0530502 0.368485 0.262745 0.631177 0.752208
0.798529 0.362305 0.913536 0.176621 0.183673 0.651736 0.409973 0.622175 0.718161 0.875824 0.996403 0.946182 0.543298 0.707732 0.960211 0.517291 0.294046 0.428968 0.886638 0.292701 0.712894 0.0292188 0.766202 0.883469 0.0649039 0.367906 0.936519 0.433389 0.630651 0.567696 0.185597 0.429179 0.930002 0.0991329 0.6058 0.113675 0.750869 0.0157738 0.73585 0.46903 0.891598 0.732253 0.415212 0.434896 0.439985 0.375423 0.952187 0.734031 0.804391 0.838826 0.0267325 0.517285 0.868044 0.792934 0.400754 0.932948 0.16084 0.337274 0.366337 0.791491 0.90497 0.551934 0.22067 0.834972
0.651067 0.82647 0.948646 0.401936 0.842244 0.684496 0.870966 0.733842 0.416749 0.286178 0.168739 0.856734 0.661601 0.120926 0.590765 0.465993 0.959752 0.617498 0.983278 0.827796 0.410432 0.384032 0.760744 0.571272 0.721306 0.127081 0.362762 0.626276 0.679014 0.583432 0.461248 0.330081 0.409903 0.409894 0.732017 0.252147 0.0943901 0.602982 0.985989 0.511139 0.88916 0.154728 0.367873 0.550761 0.275654 0.958638 0.0167539 0.235405 0.576135 3.15215e-05 0.063201 0.986567 0.384063 0.823945 0.557839 0.105369 0.951026 0.920601 0.731645 0.63004 0.504033 0.192892 0.960121 0.913936
0.602786 0.692138 0.166083 0.697177 0.29512 0.152072 0.208316 0.18428 0.306799 0.576189 0.735041 0.582453 0.534827 0.751795 0.817858 0.110962 0.751827 0.881059 0.097529 0.13589 0.705004 0.655368 0.241259 0.65603 0.575969 0.972904 0.28607 0.0800021 0.165797 0.246191 0.993938 0.768583 0.938329 0.160021 0.465759 0.233448 0.312092 0.674075 0.417728 0.618891 0.250264 0.152769 0.201344 0.78509 0.904564 0.0192024 0.896052 0.656391 0.900261 0.993581 0.792281 0.605266 0.648949 0.03354 0.261296 0.224917 0.00644401 0.547366 0.30492 0.172241 0.793557 0.298858 0.940823 0.731886
0.458878 0.406583 0.965334 0.77097 0.0806579 0.383062 0.389862 0.330921 0.535832 0.591206 0.116011 0.440396 0.610409 0.0120635 0.0967872 0.51067 0.00564451 0.889068 0.115936 0.654593 0.922608 0.377231 0.879511 0.929052 0.924597 0.18443 0.101293 0.718154 0.483288 0.0421161 0.45004 0.942166 0.448699 0.415374 0.713136 0.529357 0.798436 0.102998 0.860278 0.334268 0.694205 0.97629 0.774664 0.304613 0.988353 0.871451 0.815284 0.993998 0.760519 0.931219 0.648591 0.683127 0.308451 0.528102 0.612179 0.233048 0.712532 0.713472 0.951202 0.19582 0.755588 0.401242 0.137986 0.204287
0.816615 0.851122 0.733644 0.615051 0.95412 0.593922 0.949319 0.648325 0.570212 0.723983 0.952938 0.558565 0.595434 0.768222 0.552563 0.355954 0.699441 0.201154 0.0390812 0.00789186 0.729256 0.651261 0.24094 0.441787 0.364733 0.192142 0.637607 0.120321 0.593383 0.775593 0.324608 0.409999 0.626715 0.0582519 0.02505 0.580835 0.652174 0.974369 0.22916 0.222386 0.698352 0.182098 0.780951 0.293787 0.95032 0.333514 0.649741 0.649761 0.534668 0.688822 0.657652 0.263923 0.340083 0.898592 0.705711 0.704816 0.0907342 0.343318 0.825136 0.684118 0.11891 0.149744 0.0941163 0.745625
0.207996 0.119166 0.32646 0.86017 0.0935356 0.55562 0.0825564 0.791888 0.737717 0.863507 0.085675 0.688037 0.197021 0.735416 0.337798 0.731689 0.424238 0.99545 0.995613 0.76432 0.894042 0.701323 0.469136 0.984777 0.0446411 0.294272 0.668894 0.163552 0.444017 0.763011 0.909177 0.652013 0.882177 0.235636 0.512184 0.975712 0.791256 0.59474 0.7676 0.528973 0.458248 0.853275 0.21701 0.655269 0.588691 0.554808 0.386958 0.0129289 0.550258 0.382571 0.777249 0.4443 0.0838938 0.246385 0.429077 0.128535 0.540658 0.0979711 0.292086 0.984675 0.860982 0.201263 0.636688 0.743158
0.436899 0.148872 0.718871 0.228155 0.743612 0.486471 0.757129 0.201859 0.339747 0.974139 0.857128 0.928438 0.528947 0.244086 0.941367 0.0792051 0.626657 0.718616 0.523505 0.710551 0.965002 0.952582 0.839085 0.505659 0.0505535 0.131172 0.490334 0.911535 0.332435 0.127022 0.654693 0.769334 0.275894 0.373564 0.99749 0.0195052 0.860036 0.754618 0.221364 0.199783 0.728758 0.0784925 0.128221 0.257705 0.322579 0.0695876 0.33691 0.949235 0.788204 0.860415 0.659786 0.753205 0.812998 0.498871 0.258865 0.863551 0.630043 0.749199 0.775086 0.962478 0.876221 0.42978 0.731812 0.152114
0.803344 0.729302 0.171619 0.66338 0.483921 0.392984 0.863162 0.212678 0.471476 0.991383 0.470383 0.794055 0.0609707 0.807293 0.74329 0.849175 0.667708 0.403076 0.60238 0.480705 0.901948 0.861245 0.344256 0.531991 0.610444 0.119342 0.494469 0.486664 0.549122 0.226282 0.638778 0.352466 0.955584 0.810398 0.0158457 0.439504 0.203382 0.879008 0.652183 0.674858 0.870391 0.122565 0.468913 0.931362 0.929858 0.212204 0.780537 0.597566 0.61528 0.382917 0.0782712 0.517228 0.244161 0.422528 0.0492191 0.854605 0.54187 0.543688 0.341269 0.0909921 0.76997 0.980048 0.443458 0.725554
0.790445 0.459304 0.165058 0.993827 0.338312 0.817241 0.668685 0.208703 0.939806 0.137598 0.140065 0.869664 0.349801 0.920602 0.46723 0.965081 0.303518 0.545501 0.482309 0.54768 0.968029 0.531528 0.402284 0.509899 0.0752165 0.743554 0.600891 0.845187 0.723601 0.0443491 0.57074 0.514046 0.503653 0.735798 0.507873 0.841965 0.553039 0.176558 0.050668 0.492845 0.314156 0.190733 0.362509 0.663957 0.111335 0.829739 0.629038 0.414853 0.37524 0.111347 0.962533 0.343269 0.642875 0.364817 0.853168 0.718092 0.10837 0.454059 0.563278 0.831972 0.498408 0.134019 0.346018 0.00206064
0.869817 0.853891 0.844025 0.422856 0.0304488 0.894693 0.915701 0.344604 0.0854267 0.278211 0.00856121 0.196761 0.10795 0.637599 0.611614 0.48319 0.748946 0.574147 0.826458 0.391822 0.938964 0.679626 0.109913 0.0473344 0.133685 0.673192 0.879306 0.632093 0.80721 0.225324 0.634153 0.677028 0.0792148 0.478179 0.0998838 0.109664 0.372872 0.0155852 0.454268 0.458299 0.293796 0.462829 0.65506 0.401745 0.100429 0.266675 0.884935 0.849375 0.840822 0.711393 0.241196 0.779786 0.39102 0.35111 0.82712 0.524704 0.0243014 0.706426 0.156797 0.831512 0.93175 0.79095 0.508539 0.0109649
0.269129 0.608423 0.120629 0.642001 0.624008 0.574897 0.1003 0.917804 0.037726 0.75536 0.319549 0.138155 0.022035 0.204484 0.987529 0.862857 0.915877 0.228726 0.642643 0.306897 0.579835 0.469763 0.831601 0.604137 0.176189 0.988398 0.435649 0.107939 0.779348 0.944188 0.118904 0.0484769 0.552611 0.239533 0.690478 0.176619 0.814429 0.790778 0.0944228 0.852156 0.546138 0.413972 0.99031 0.568173 0.618456 0.977839 0.43103 0.534333 0.206565 0.0736722 0.84123 0.7864 0.543435 0.672832 0.390537 0.719624 0.66123 0.826186 0.827563 0.440578 0.770374 0.946468 0.489055 0.322984
0.186 0.179533 0.499603 0.000429729 0.97031 0.594026 0.852585 0.516448 0.00799781 0.842895 0.084621 0.626454 0.820735 0.515651 0.160787 0.0272998 0.589323 0.00201755 0.8137 0.132758 0.674849 0.204238 0.852382 0.336079 0.0304234 0.679945 0.776657 0.800797 0.626413 0.265712 0.123781 0.812413 0.445245 0.623384 0.812843 0.415555 0.21741 0.665428 0.932004 0.225408 0.508323 0.0166245 0.851862 0.329058 0.532275 0.0126489 0.356358 0.121598 0.0146665 0.170058 0.254355 0.689516 0.374296 0.106737 0.0255947 0.404719 0.786683 0.802252 0.205516 0.413096 0.0679638 0.329297 0.225509 0.513209
0.952681 0.0383514 0.928764 0.170091 0.703779 0.860768 0.395499 0.212103 0.877392 0.247361 0.541161 0.409667 0.26001 0.897518 0.531265 0.274677 0.0675763 0.78562 0.964192 0.441872 0.892358 0.989787 0.846591 0.67904 0.792039 0.0521065 0.0921359 0.860003 0.381403 0.317644 0.373211 0.334085 0.355996 0.301975 0.504176 0.0597753 0.162743 0.899675 0.271878 0.040135 0.147037 0.813039 0.449802 0.407047 0.710557 0.981067 0.681723 0.778133 0.766687 0.645915 0.220005 0.659045 0.635702 0.0665955 0.338085 0.427741 0.118702 0.430221 0.287744 0.500105 0.747866 0.660955 0.83419 0.103861
0.962931 0.338366 0.163637 0.125674 0.238041 0.435515 0.165809 0.385078 0.248553 0.615611 0.792125 0.95911 0.596678 0.473848 0.737243 0.363365 0.119763 0.957248 0.0224098 0.755466 0.0238436 0.360495 0.183207 0.142546 0.790716 0.470951 0.642651 0.538582 0.131906 0.476841 0.642443 0.0948369 0.815207 0.80608 0.220511 0.0532483 0.241595 0.386319 0.438326 0.490148 0.00192993 0.230451 0.449258 0.598608 0.704298 0.186501 0.961973 0.824061 0.143749 0.984382 0.579527 0.167593 0.344877 0.762734 0.310138 0.135593 0.233685 0.952789 0.674175 0.365591 0.42963 0.316618 0.460428 0.244837
0.122698 0.680939 0.298086 0.364293 0.0672577 0.736412 0.854441 0.0691877 0.966862 0.303698 0.667795 0.671161 0.4902 0.629768 0.495222 0.633949 0.61415 0.0747494 0.801541 0.959027 0.837483 0.11168 0.0946208 0.0711684 0.0644691 0.768796 0.43676 0.494099 0.0854144 0.897188 0.738937 0.208113 0.578126 0.0370224 0.572406 0.645384 0.773434 0.426846 0.714572 0.740297 0.730545 0.382367 0.411458 0.220744 0.0121347 0.90668 0.854693 0.626285 0.981429 0.656234 0.585312 0.818913 0.767914 0.679933 0.890081 0.832383 0.448729 0.326841 0.326483 0.534143 0.224028 0.0654193 0.742256 0.802155
0.102442 0.314662 0.447538 0.875876 0.741508 0.16211 0.616173 0.472052 0.544477 0.0276303 0.692796 0.556612 0.93431 0.547489 0.182896 0.915739 0.203723 0.768209 0.734652 0.971637 0.448141 0.624733 0.80402 0.89687 0.951574 0.130503 0.431014 0.175602 0.195922 0.17327 0.977757 0.298364 0.487931 0.425295 0.17424 0.229439 0.587405 0.790413 0.701491 0.131882 0.818043 0.394288 0.688494 0.752353 0.941777 0.87139 0.668092 0.1455 0.639599 0.402745 0.117137 0.0877404 0.0274778 0.921158 0.984611 0.979052 0.0516604 0.415625 0.154654 0.247583 0.588894 0.132411 0.545947 0.0768257
0.557707 0.720187 0.306265 0.145112 0.510599 0.00775581 0.276994 0.328642 0.402043 0.965488 0.0809954 0.34382 0.836879 0.749088 0.48932 0.476478 0.151832 0.606457 0.564218 0.17931 0.527615 0.548829 0.158362 0.579275 0.964453 0.313016 0.826858 0.553348 0.445427 0.372805 0.630173 0.00313389 0.0929912 0.936438 0.148246 0.603591 0.944194 0.42524 0.932233 0.346237 0.390729 0.0132282 0.690057 0.227607 0.762316 0.179377 0.704085 0.914148 0.785835 0.268303 0.0934586 0.31345 0.817131 0.251821 0.892725 0.781585 0.564837 0.719583 0.334932 0.0102643 0.0923876 0.965106 0.0133981 0.185379
0.901544 0.161644 0.788969 0.845738 0.586884 0.721202 0.191975 0.977613 0.73443 0.882032 0.20522 0.496746 0.0614093 0.909305 0.410895 0.847244 0.177607 0.504353 0.160694 0.994739 0.756174 0.0534186 0.776324 0.321011 0.773002 0.111256 0.331275 0.865389 0.076362 0.344673 0.050768 0.977906 0.506317 0.839737 0.823643 0.0932013 0.56094 0.0156181 0.0708141 0.29537 0.89765 0.276034 0.792116 0.959059 0.185339 0.203011 0.806303 0.362946 0.707364 0.966997 0.357685 0.463538 0.0204156 0.134009 0.784549 0.793417 0.245265 0.115824 0.658806 0.321627 0.460497 0.709574 0.299533 0.966814
0.549312 0.123176 0.0600152 0.110251 0.138794 0.130829 0.405621 0.0364444 0.406863 0.197737 0.995504 0.592202 0.400748 0.801807 0.955148 0.108112 0.768804 0.312833 0.57165 0.78922 0.446842 0.356199 0.582637 0.692107 0.472022 0.241443 0.0137342 0.932519 0.951017 0.313267 0.899333 0.500329 0.436443 0.959348 0.61058 0.575237 0.0901777 0.016201 0.611682 0.497041 0.213938 0.607186 0.089243 0.614686 0.408993 0.0443912 0.722798 0.177797 0.357225 0.294449 0.967017 0.804067 0.650647 0.549654 0.496174 0.12267 0.791097 0.509908 0.055189 0.742114 0.823175 0.954522 0.242443 0.259618
0.913871 0.853023 0.834856 0.00404821 0.869224 0.446538 0.501089 0.0831624 0.0537234 0.590332 0.697849 0.462716 0.634723 0.420647 0.640513 0.991948 0.715096 0.60753 0.796015 0.365743 0.157184 0.292189 0.488413 0.948281 0.802097 0.543602 0.690396 0.625272 0.498124 0.932839 0.884891 0.411995 0.785862 0.719747 0.416043 0.655087 0.166284 0.917132 0.738249 0.220008 0.507464 0.436098 0.682724 0.142187 0.856745 0.323237 0.134135 0.57184 0.930768 0.93015 0.937583 0.0879518 0.222339 0.425996 0.0362331 0.0244361 0.969598 0.726629 0.649708 0.467722 0.659468 0.534599 0.879716 0.44533
0.254346 0.295759 0.100416 0.42063 0.212891 0.838665 0.640638 0.720355 0.274763 0.323361 0.862542 0.131508 0.646599 0.996678 0.703348 0.577366 0.926828 0.640931 0.665318 0.149167 0.0669265 0.701551 0.173603 0.0365241 0.42818 0.823311 0.504246 0.0876477 0.35791 0.383962 0.532978 0.612256 0.67972 0.633394 0.032886 0.892611 0.47206 0.673524 0.612966 0.746823 0.996885 0.475508 0.87833 0.643484 0.472185 0.581678 0.22085 0.399013 0.222609 0.886168 0.54818 0.289535 0.58772 0.721783 0.326059 0.0158995 0.545094 0.830305 0.103547 0.903005 0.214266 0.636525 0.515261 0.893987
0.269919 0.548147 0.786598 0.741979 0.22167 0.399564 0.488801 0.218555 0.875072 0.367131 0.862039 0.347257 0.948809 0.082889 0.74627 0.171418 0.969057 0.29445 0.460953 0.556777 0.0162331 0.787012 0.572676 0.561327 0.617317 0.676223 0.464332 0.831583 0.312748 0.979593 0.72557 0.582667 0.52774 0.512168 0.324646 0.74941 0.911732 0.813447 0.967965 0.786803 0.180579 0.830004 0.13406 0.129388 0.912893 0.88033 0.300805 0.88195 0.17478 0.761758 0.438727 0.191013 0.54877 0.0114032 0.752341 0.166086 0.687627 0.216673 0.997669 0.000374974 0.196266 0.723239 0.583042 0.724005
0.235407 0.907688 0.473415 0.147139 0.721136 0.44138 0.933942 0.901714 0.271384 0.0680021 0.031102 0.184277 0.948332 0.331907 0.0662276 0.123113 0.093665 0.504955 0.314126 0.642435 0.516358 0.0664668 0.808521 0.203984 0.28314 0.80619 0.204359 0.479405 0.52943 0.787402 0.203411 0.764837 0.69509 0.676826 0.911976 0.416226 0.118206 0.845918 0.317941 0.38959 0.91392 0.349043 0.573867 0.862253 0.68095 0.640095 0.985365 0.774615 0.145049 0.299491 0.417049 0.661407 0.365958 0.22557 0.865392 0.649098 0.0317609 0.069751 0.128503 0.561191 0.857153 0.331913 0.326028 0.552243
0.0087389 0.238005 0.968469 0.126945 0.0839229 0.28641 0.516534 0.997843 0.635452 0.0904016 0.860096 0.316402 0.730496 0.845461 0.091017 0.875546 0.144952 0.508067 0.536953 0.51091 0.733637 0.402345 0.160008 0.765398 0.472096 0.28851 0.326589 0.329248 0.620424 0.652617 0.881491 0.629163 0.890621 0.849961 0.756107 0.974544 0.136371 0.272642 0.972388 0.771823 0.363043 0.832484 0.0882252 0.0935397 0.677945 0.179242 0.969085 0.822897 0.687309 0.506038 0.333807 0.420946 0.908383 0.493814 0.186344 0.380479 0.782325 0.512932 0.709727 0.402749 0.165549 0.591218 0.0319114 0.0561709
0.441179 0.788019 0.0307153 0.57755 0.0606603 0.00310294 0.349372 0.423704 0.835587 0.437598 0.517243 0.513531 0.61684 0.486329 0.336428 0.304149 0.992367 0.670235 0.725094 0.90075 0.16405 0.911438 0.281229 0.946374 0.424371 0.990955 0.349123 0.58992 0.582174 0.381035 0.646091 0.0233526 0.169053 0.676806 0.600902 0.229713 0.679909 0.950275 0.653417 0.515496 0.387872 0.17066 0.0290272 0.00471226 0.656989 0.365455 0.308861 0.649356 0.0356903 0.0339555 0.550106 0.19974 0.945394 0.831335 0.146114 0.369765 0.82229 0.495237 0.959685 0.404464 0.876272 0.605776 0.427816 0.0453252
0.282582 0.0287186 0.275039 0.962492 0.978993 0.928456 0.477988 0.366865 0.099116 0.507015 0.371578 0.756105 0.87247 0.680439 0.405461 0.908161 0.714394 0.955567 0.1079 0.659788 0.786902 0.254015 0.0295525 0.609192 0.749252 0.989237 0.0136561 0.625524 0.595013 0.441473 0.67085 0.877596 0.470191 0.945888 0.840087 0.449184 0.874344 0.318075 0.81605 0.97346 0.82509 0.187628 0.729565 0.69756 0.868066 0.135026 0.605721 0.582461 0.0905933 0.713621 0.242249 0.877495 0.967636 0.271801 0.486688 0.716888 0.261039 0.500344 0.342412 0.856052 0.941816 0.0132617 0.733647 0.412008
0.95915 0.573735 0.861192 0.833494 0.89181 0.677242 0.806954 0.716899 0.86487 0.536519 0.41446 0.732936 0.671545 0.0201801 0.315397 0.762138 0.733801 0.557645 0.639633 0.701437 0.829447 0.126321 0.418325 0.0904851 0.626665 0.760737 0.946537 0.568481 0.773999 0.680184 0.980489 0.733149 0.253919 0.841681 0.566642 0.145728 0.518922 0.373596 0.862628 0.383792 0.910115 0.277087 0.116728 0.581659 0.297267 0.432125 0.343797 0.0310683 0.98977 0.98343 0.732505 0.819217 0.109751 0.15083 0.909702 0.736415 0.911567 0.856238 0.304896 0.685566 0.536422 0.285385 0.418714 0.790341
0.127065 0.985357 0.936069 0.645988 0.358953 0.798697 0.0297799 0.269067 0.0757836 0.146508 0.850726 0.373051 0.578633 0.194523 0.404119 0.568403 0.177953 0.136624 0.387619 0.287704 0.287454 0.297321 0.0241197 0.199022 0.153559 0.329016 0.884587 0.689982 0.614401 0.303302 0.480323 0.741466 0.288659 0.416392 0.387454 0.647611 0.215088 0.417234 0.916679 0.290872 0.563742 0.767405 0.663923 0.142375 0.961928 0.0680419 0.710777 0.139882 0.204666 0.0983964 0.427586 0.492121 0.395717 0.451706 0.691142 0.549276 0.780722 0.57573 0.239258 0.395123 0.879032 0.719581 0.136589 0.16769
0.135973 0.524044 0.815302 0.351061 0.941278 0.73198 0.641933 0.50502 0.499385 0.305856 0.647395 0.461314 0.373898 0.358172 0.601195 0.578564 0.456568 0.0287813 0.0706847 0.852286 0.480487 0.761827 0.401562 0.261209 0.337557 0.64082 0.656332 0.216588 0.360401 0.792921 0.384278 0.496374 0.316965 0.19958 0.847435 0.258243 0.93156 0.489369 0.763263 0.430945 0.795224 0.410658 0.892259 0.169122 0.76883 0.493454 0.747686 0.225398 0.522236 0.818371 0.0776833 0.00272274 0.580198 0.479245 0.263932 0.917754 0.120066 0.920263 0.134342 0.480467 0.713185 0.518621 0.976841 0.0301493
0.7182 0.824276 0.288392 0.64976 0.313645 0.0516549 0.0807057 0.108869 0.462313 0.972965 0.277992 0.231142 0.466419 0.0256779 0.45654 0.988655 0.844049 0.534223 0.991377 0.424247 0.0134686 0.255309 0.342001 0.133534 0.175572 0.476343 0.614001 0.888757 0.994964 0.590842 0.918906 0.713164 0.415118 0.207298 0.362925 0.728763 0.258953 0.443631 0.837632 0.721266 0.416595 0.115624 0.952408 0.883014 0.141302 0.408948 0.871669 0.985351 0.943171 0.863046 0.409597 0.95664 0.118355 0.751599 0.0901738 0.293928 0.227942 0.704175 0.182685 0.222906 0.295017 0.101591 0.936071 0.710135
0.30889 0.298995 0.438898 0.567843 0.742626 0.27653 0.289109 0.159221 0.392154 0.241517 0.0422352 0.533456 0.650465 0.913904 0.518806 0.593636 0.77695 0.928404 0.550276 0.895306 0.680002 0.64045 0.189234 0.907944 0.344624 0.371919 0.13085 0.639641 0.47351 0.066921 0.349776 0.782399 0.365916 0.788674 0.350243 0.108542 0.0652039 0.639352 0.267763 0.457358 0.880869 0.309998 0.990813 0.531333 0.223902 0.50962 0.124969 0.000852751 0.438024 0.675245 0.896159 0.118026 0.315695 0.0853922 0.0259704 0.660319 0.457311 0.156821 0.29996 0.930821 0.223742 0.649736 0.71322 0.589658
0.43841 0.0634625 0.6982 0.503614 0.702814 0.965963 0.960972 0.583683 0.275962 0.951785 0.115016 0.499864 0.461405 0.239985 0.500717 0.899429 0.915231 0.396875 0.0174548 0.230925 0.482267 0.0434253 0.891244 0.939578 0.200246 0.191204 0.870399 0.423988 0.840941 0.583619 0.0136463 0.279351 0.647081 0.711847 0.782964 0.349895 0.67781 0.743936 0.933578 0.953772 0.695721 0.0485939 0.453635 0.157126 0.288579 0.954352 0.056555 0.20381 0.351227 0.0740098 0.434735 0.833495 0.117435 0.32598 0.773073 0.317681 0.517184 0.643472 0.741669 0.358125 0.22709 0.755316 0.637475 0.874171
0.467162 0.420439 0.224067 0.144972 0.164375 0.157645 0.0987438 0.860097 0.206238 0.552379 0.0172229 0.494818 0.506731 0.073778 0.698628 0.857959 0.147788 0.133363 0.691453 0.265223 0.459342 0.464526 0.582904 0.976526 0.107998 0.324574 0.334651 0.335088 0.0798893 0.972126 0.20926 0.547052 0.392565 0.433326 0.692024 0.556941 0.590971 0.790768 0.417037 0.797209 0.343147 0.43426 0.292027 0.849879 0.508038 0.990655 0.707837 0.655826 0.124018 0.399291 0.921049 0.58336 0.863817 0.503953 0.559887 0.971815 0.828527 0.894538 0.306903 0.908416 0.866664 0.516163 0.455468 0.259229
0.949489 0.147492 0.81617 0.54046 0.93826 0.233207 0.33767 0.281407 0.667468 0.629697 0.131286 0.175506 0.620352 0.839123 0.831332 0.74437 0.238413 0.752381 0.32773 0.10223 0.256334 0.887617 0.0740454 0.0848611 0.782154 0.380949 0.993277 0.648818 0.897112 0.448745 0.908046 0.846601 0.596237 0.724216 0.387062 0.534497 0.957423 0.724731 0.815904 0.624891 0.354428 0.947189 0.800397 0.97478 0.786312 0.631729 0.71915 0.0247256 0.38411 0.0468803 0.126956 0.640444 0.934497 0.201002 0.725305 0.716651 0.58195 0.718582 0.365469 0.479062 0.167327 0.273515 0.325663 0.763564
0.997731 0.712725 0.298061 0.955154 0.437456 0.113965 0.580045 0.791884 0.0611545 0.380442 0.766665 0.847467 0.0121706 0.485815 0.872192 0.39628 0.532696 0.999148 0.0367244 0.467192 0.20015 0.762029 0.183843 0.7821 0.480612 0.549312 0.261162 0.647939 0.822827 0.586825 0.411503 0.820558 0.29955 0.709565 0.775712 0.737006 0.82353 0.355758 0.52889 0.884684 0.736199 0.295555 0.732151 0.74837 0.78137 0.604343 0.14465 0.314066 0.603492 0.181375 0.781258 0.803642 0.943404 0.965102 0.585742 0.424016 0.514414 0.846904 0.071955 0.33724 0.433729 0.483458 0.157798 0.733278
0.193023 0.933511 0.470284 0.0165529 0.289268 0.999174 0.901237 0.0254676 0.294729 0.633388 0.773838 0.0760991 0.237732 0.918488 0.390165 0.841223 0.0998629 0.171423 0.644865 0.0432672 0.136525 0.230607 0.467283 0.650938 0.0775103 0.539238 0.988179 0.511239 0.0226964 0.145977 0.244518 0.21572 0.0794875 0.714802 0.232272 0.368756 0.713976 0.13351 0.394223 0.00870442 0.766898 0.168061 0.0848035 0.00462942 0.0865491 0.474968 0.845853 0.186412 0.646392 0.490717 0.229679 0.782916 0.721324 0.696962 0.433855 0.798834 0.2362 0.422033 0.310073 0.258897 0.56801 0.554591 0.474616 0.647498
0.269393 0.706889 0.0162535 0.983368 0.840398 0.410477 0.992073 0.607296 0.578538 0.0768761 0.611926 0.665087 0.551845 0.457778 0.851499 0.198236 0.948496 0.0811781 0.981153 0.66982 0.77814 0.415007 0.468654 0.0143407 0.837041 0.778727 0.273237 0.405051 0.333318 0.747854 0.0525488 0.602711 0.454742 0.0688023 0.586079 0.295141 0.479279 0.578152 0.902437 0.0578169 0.655028 0.514363 0.722904 0.206872 0.972141 0.574403 0.405109 0.920637 0.655581 0.386261 0.590456 0.433721 0.801268 0.0591103 0.448062 0.638309 0.837837 0.721299 0.04336 0.171156 0.469153 0.0959088 0.773867 0.923895
0.164711 0.359946 0.219036 0.64399 0.938097 0.121473 0.701807 0.593125 0.635836 0.424711 0.799997 0.607977 0.999114 0.205106 0.528614 0.654695 0.591367 0.119071 0.0884159 0.392635 0.178181 0.536478 0.0309446 0.0160183 0.257777 0.0743046 0.187174 0.72693 0.170213 0.961041 0.650826 0.334925 0.320986 0.869862 0.978915 0.259084 0.991335 0.680722 0.852209 0.627171 0.105433 0.652206 0.235149 0.104547 0.857312 0.763763 0.759242 0.448679 0.882833 0.847658 0.841315 0.0610141 0.384136 0.872259 0.0770324 0.641913 0.946564 0.264206 0.368843 0.116777 0.225247 0.0196689 0.451702 0.546233
0.889531 0.430617 0.805317 0.880866 0.111339 0.657526 0.508038 0.216772 0.309732 0.743186 0.321319 0.167044 0.506949 0.0805609 0.615723 0.389782 0.928219 0.457038 0.450796 0.312354 0.329297 0.527829 0.954267 0.275861 0.792035 0.32311 0.392638 0.0172821 0.342779 0.84434 0.563515 0.23231 0.274956 0.368832 0.113176 0.386295 0.026358 0.621214 0.603067 0.33609 0.3644 0.924387 0.503134 0.871349 0.00494756 0.118857 0.261131 0.933166 0.575894 0.711927 0.24552 0.905191 0.239756 0.199787 0.181052 0.0317911 0.522897 0.573689 0.0490732 0.865676 0.418029 0.612589 0.0979859 0.692985
0.981421 0.211162 0.0792806 0.00777909 0.832376 0.682348 0.343869 0.196776 0.606735 0.847002 0.0681243 0.611682 0.965859 0.329255 0.544848 0.541753 0.0411825 0.790368 0.446944 0.280939 0.990155 0.627996 0.31273 0.513053 0.201685 0.361803 0.378729 0.619714 0.974392 0.476714 0.312699 0.955813 0.687876 0.39198 0.963592 0.520252 0.0743281 0.307461 0.717028 0.681063 0.154463 0.785152 0.292745 0.120322 0.114407 0.837593 0.662075 0.15559 0.627962 0.109019 0.436528 0.618117 0.737015 0.749258 0.13117 0.9387 0.111061 0.509898 0.558414 0.085452 0.986613 0.871113 0.0412646 0.674489
0.263093 0.00485626 0.194741 0.337421 0.312317 0.911768 0.0184841 0.46678 0.69692 0.311229 0.587102 0.811327 0.148822 0.249177 0.966917 0.776784 0.358196 0.403445 0.394901 0.0952102 0.152703 0.526071 0.0339099 0.263763 0.0359689 0.592324 0.349215 0.0225815 0.463437 0.39048 0.69707 0.72653 0.395336 0.891811 0.0639518 0.707653 0.80358 0.0824359 0.174432 0.5005 0.393665 0.761534 0.311827 0.542487 0.0107105 0.278744 0.319271 0.368906 0.682189 0.714172 0.464116 0.834892 0.240243 0.498026 0.0986548 0.276212 0.0903499 0.44787 0.298793 0.553787 0.83835 0.995864 0.280317 0.233686
0.887675 0.344269 0.941338 0.691255 0.426705 0.115771 0.191755 0.82037 0.877305 0.503582 0.362857 0.888015 0.782326 0.682128 0.256921 0.464516 0.3963 0.721038 0.299407 0.636543 0.219064 0.398062 0.912755 0.309414 0.845932 0.211549 0.863201 0.684281 0.207413 0.143518 0.917967 0.0950878 0.487787 0.859305 0.786343 0.914492 0.975076 0.978098 0.734862 0.852381 0.48168 0.0977189 0.740396 0.264006 0.779847 0.997317 0.728522 0.176148 0.718355 0.0279291 0.812691 0.937418 0.425991 0.725446 0.246832 0.271923 0.936995 0.110033 0.956204 0.144408 0.25355 0.874171 0.239496 0.741337
0.733477 0.0258383 0.655829 0.708552 0.00393603 0.390691 0.560933 0.485616 0.48841 0.301329 0.749622 0.268257 0.298646 0.478144 0.444405 0.0170006 0.506073 0.257096 0.954419 0.932064 0.982542 0.201251 0.203987 0.919537 0.311284 0.160192 0.0639451 0.564834 0.0343631 0.303441 0.306171 0.76784 0.329279 0.962 0.476392 0.333215 0.352691 0.0373251 0.818831 0.841101 0.338654 0.568453 0.109358 0.6373 0.0465977 0.553762 0.6543 0.552671 0.810858 0.608719 0.484735 0.7934 0.80997 0.688723 0.712937 0.121254 0.848915 0.776883 0.686088 0.883278 0.0803233 0.992259 0.651117 0.409602
0.954259 0.127509 0.742817 0.306951 0.164834 0.561649 0.148052 0.503488 0.130102 0.25741 0.140788 0.1767 0.811172 0.795089 0.729371 0.62203 0.403808 0.214106 0.41543 0.213778 0.902829 0.128368 0.335033 0.751743 0.90525 0.0211205 0.635021 0.985574 0.0133796 0.286138 0.395176 0.967639 0.413647 0.137994 0.27459 0.578482 0.699642 0.422641 0.0819699 0.829744 0.680051 0.222758 0.0064439 0.491223 0.0178465 0.735815 0.113253 0.421655 0.949921 0.528684 0.635433 0.85275 0.657052 0.970466 0.604494 0.562302 0.991586 0.239515 0.547876 0.00496565 0.525653 0.943052 0.972605 0.9393
0.0810453 0.247194 0.517782 0.780687 0.669836 0.599752 0.610432 0.349887 0.82251 0.616875 0.84111 0.840356 0.35269 0.954363 0.262011 0.302611 0.483047 0.897444 0.155361 0.140099 0.867909 0.759855 0.702401 0.859495 0.999369 0.250277 0.864461 0.525022 0.193328 0.837066 0.464322 0.274374 0.0842602 0.982104 0.055061 0.754096 0.581856 0.665492 0.103983 0.404366 0.282368 0.945092 0.244722 0.635058 0.899456 0.506733 0.937669 0.382503 0.404177 0.0930303 0.522602 0.272086 0.852885 0.225002 0.131582 0.852254 0.475279 0.996043 0.377276 0.668607 0.833108 0.841599 0.942981 0.917369
0.823703 0.998042 0.671464 0.405559 0.663534 0.775447 0.809925 0.945902 0.72054 0.0546468 0.58096 0.619995 0.56138 0.518629 0.00249807 0.965556 0.61166 0.5251 0.237643 0.464544 0.750102 0.369224 0.316799 0.225381 0.365267 0.694075 0.893988 0.198375 0.535673 0.836969 0.115744 0.359376 0.83501 0.787208 0.764935 0.498544 0.562655 0.57486 0.444446 0.283195 0.629507 0.0254066 0.90319 0.190886 0.544036 0.905688 0.156443 0.155695 0.430788 0.394085 0.62024 0.18089 0.763309 0.937038 0.40627 0.128576 0.631113 0.300258 0.326951 0.166787 0.137227 0.442695 0.526163 0.972237
0.229903 0.291098 0.470782 0.792558 0.865958 0.915228 0.0757527 0.495465 0.940635 0.978943 0.686351 0.48467 0.884631 0.842794 0.640366 0.315418 0.23688 0.260606 0.496308 0.00018907 0.197644 0.902578 0.128765 0.828758 0.202836 0.455716 0.995544 0.340063 0.898411 0.521708 0.312301 0.128314 0.812806 0.783082 0.920872 0.678765 0.69831 0.996625 0.17423 0.638945 0.975568 0.860581 0.123615 0.860198 0.703375 0.763981 0.175617 0.940255 0.0245868 0.671924 0.940444 0.222231 0.574503 0.0692093 0.0509885 0.777339 0.524926 0.046533 0.117403 0.423337 0.568241 0.429703 0.551651 0.381047
0.212785 0.472524 0.0598118 0.911096 0.469149 0.234041 0.550041 0.444717 0.0946226 0.673656 0.304915 0.797998 0.437637 0.480532 0.738253 0.462224 0.152456 0.678697 0.684455 0.726959 0.747906 0.735443 0.504298 0.272832 0.781976 0.6217 0.696169 0.350217 0.0514035 0.24782 0.731264 0.264189 0.720344 0.791076 0.175284 0.189493 0.0251176 0.725325 0.63421 0.11974 0.398981 0.939125 0.917738 0.836618 0.419656 0.655991 0.298842 0.572112 0.334688 0.983297 0.299071 0.0825942 0.71874 0.803369 0.355426 0.500717 0.425069 0.0515952 0.850934 0.476472 0.299416 0.582198 0.740661 0.01976
0.373274 0.915946 0.209253 0.398392 0.641271 0.843463 0.518132 0.0402515 0.782587 0.43587 0.87687 0.202243 0.0918614 0.175712 0.774355 0.426549 0.159009 0.0734263 0.509144 0.877749 0.876795 0.86457 0.378466 0.301864 0.916165 0.2294 0.778336 0.215581 0.811598 0.518998 0.235341 0.184872 0.434943 0.444594 0.583264 0.0762141 0.288056 0.101396 0.116466 0.0706436 0.537267 0.993335 0.272887 0.629128 0.169047 0.0472424 0.0556775 0.328055 0.120669 0.564821 0.205804 0.997464 0.429391 0.58427 0.299328 0.345556 0.813669 0.077664 0.561136 0.625267 0.596662 0.796477 0.810139 0.0316052
0.241071 0.393404 0.107819 0.529127 0.4948 0.224285 0.599771 0.0320667 0.21762 0.872658 0.661195 0.386667 0.9199 0.716872 0.714722 0.0405687 0.281693 0.920526 0.0380323 0.711084 0.504796 0.33736 0.0566397 0.318465 0.415024 0.617776 0.943733 0.0116857 0.414253 0.753872 0.0432909 0.655324 0.147275 0.15111 0.184451 0.642075 0.375395 0.784222 0.674142 0.593015 0.656879 0.335337 0.979682 0.57678 0.0522089 0.694404 0.617348 0.333902 0.614931 0.655381 0.0449861 0.119727 0.99274 0.101626 0.438192 0.407764 0.719402 0.381925 0.41945 0.133655 0.135797 0.462741 0.788979 0.283072
0.613851 0.97343 0.925147 0.989246 0.757652 0.599289 0.582261 0.414531 0.934626 0.561943 0.991311 0.986834 0.256347 0.608659 0.320737 0.871278 0.26404 0.365723 0.991005 0.25678 0.467348 0.429197 0.664544 0.18675 0.811122 0.0839944 0.320405 0.946918 0.546735 0.109384 0.22999 0.160586 0.0828146 0.155137 0.149832 0.840466 0.754426 0.732093 0.254998 0.689052 0.294037 0.246309 0.675886 0.550384 0.854968 0.996623 0.421662 0.119008 0.362346 0.412667 0.375788 0.829694 0.841864 0.0403326 0.0164444 0.652986 0.124327 0.33685 0.599904 0.671062 0.446234 0.829894 0.831649 0.529049
0.985032 0.981481 0.369515 0.739458 0.713574 0.624513 0.42851 0.00761083 0.870822 0.104396 0.557995 0.72579 0.101019 0.979657 0.844798 0.463365 0.392323 0.220586 0.293059 0.234187 0.260919 0.309503 0.887172 0.385246 0.646353 0.487076 0.0563083 0.0925871 0.316971 0.887957 0.621636 0.302002 0.869438 0.991151 0.0414604 0.583012 0.615665 0.46997 0.590623 0.486487 0.574366 0.148618 0.212277 0.675385 0.128274 0.0570757 0.13875 0.520597 0.277662 0.431809 0.754784 0.538581 0.741311 0.641956 0.923827 0.387664 0.129033 0.980136 0.480251 0.446003 0.868092 0.101887 0.748006 0.73753
0.0930384 0.789466 0.320542 0.708703 0.259436 0.911165 0.19519 0.833803 0.0597823 0.407467 0.509188 0.188056 0.464543 0.647938 0.708653 0.742205 0.0797468 0.463437 0.280786 0.821058 0.105394 0.204614 0.208722 0.234426 0.184749 0.688974 0.68043 0.0528414 0.790861 0.428435 0.790371 0.883899 0.217901 0.110913 0.592602 0.477338 0.0220783 0.787792 0.311141 0.0818606 0.195259 0.820329 0.269917 0.659802 0.468267 0.97857 0.402007 0.548014 0.442008 0.682794 0.369072 0.547401 0.887407 0.577795 0.781828 0.0721564 0.266768 0.462257 0.124998 0.057629 0.890693 0.915369 0.941528 0.108594

# Matrix B: 64 x 64
rows_B=64
cols_B=64

0.0262826 0.53413 0.585932 0.0483609 0.321922 0.897073 0.130221 0.517182 0.717402 0.400138 0.176984 0.185669 0.378709 0.578991 0.733683 0.820717 0.261785 0.102756 0.368118 0.149192 0.68055 0.149946 0.221349 0.947319 0.612203 0.346346 0.0049477 0.502896 0.261715 0.946476 0.61149 0.287998 0.480606 0.197422 0.336359 0.802528 0.0944943 0.46658 0.31971 0.811896 0.866719 0.496694 0.997565 0.245428 0.0756849 0.731248 0.0661441 0.33747 0.834004 0.434262 0.486662 0.514554 0.584208 0.70801 0.461873 0.196411 0.0543568 0.466821 0.699307 0.316072 0.413297 0.310796 0.60407 0.893903
0.508218 0.940429 0.696431 0.602712 0.40701 0.0161407 0.414608 0.273728 0.512834 0.412173 0.519156 0.588519 0.143422 0.5853 0.925989 0.977426 0.0195621 0.412651 0.49198 0.60377 0.120661 0.953853 0.800181 0.175018 0.420674 0.499487 0.49109 0.833971 0.810284 0.0951607 0.727873 0.318502 0.0355899 0.424304 0.921214 0.442599 0.440445 0.335822 0.716328 0.953279 0.747995 0.235484 0.541799 0.891417 0.820783 0.467788 0.868843 0.840346 0.880439 0.360823 0.444115 0.00110009 0.314676 0.244296 0.176118 0.735351 0.743784 0.667209 0.569321 0.554067 0.762369 0.297195 0.872569 0.797959
0.721499 0.793783 0.240559 0.161944 0.129605 0.956887 0.115223 0.8776 0.19237 0.657022 0.769018 0.0131536 0.12481 0.637861 0.853499 0.00524843 0.998684 0.297615 0.00634852 0.31336 0.541911 0.182467 0.0487108 0.285695 0.849676 0.618032 0.839762 0.612045 0.915227 0.712331 0.410004 0.636726 0.506114 0.650563 0.79867 0.635719 0.60745 0.913893 0.513319 0.79982 0.570915 0.282336 0.812974 0.695725 0.920197 0.666473 0.700974 0.918881 0.964087 0.707322 0.232241 0.505998 0.889789 0.280952 0.791693 0.739465 0.898984 0.631455 0.35151 0.814211 0.343786 0.761514 0.450937 0.8499
0.412077 0.249607 0.485618 0.0195273 0.1635 0.998937 0.819347 0.734416 0.281273 0.632321 0.430141 0.20147 0.298794 0.131115 0.120351 0.262881 0.838437 0.352592 0.76888 0.728226 0.633544 0.560573 0.467691 0.532528 0.192028 0.8192 0.346739 0.535814 0.580714 0.797676 0.385713 0.992792 0.0472829 0.871331 0.0123193 0.210783 0.870268 0.831667 0.945199 0.151541 0.463988 0.37534 0.353012 0.762781 0.506455 0.473363 0.0256627 0.344892 0.825955 0.794542 0.0731177 0.459499 0.355115 0.540808 0.992027 0.547143 0.360009 0.338766 0.0829563 0.940723 0.136442 0.468669 0.933515 0.183725
0.34 0.945834 0.394508 0.210268 0.777501 0.339707 0.36181 0.241489 0.715047 0.714821 0.00427012 0.221502 0.188184 0.0299328 0.566394 0.0141391 0.824475 0.639512 0.473638 0.17959 0.18032 0.465665 0.726733 0.540329 0.804432 0.809689 0.481052 0.940874 0.278359 0.414567 0.124599 0.618359 0.360401 0.519108 0.828628 0.137902 0.858815 0.190437 0.379391 0.573862 0.905258 0.383661 0.795365 0.0934425 0.413594 0.361759 0.107582 0.238069 0.00127013 0.58122 0.41766 0.18159 0.046885 0.144393 0.721919 0.851317 0.954082 0.202971 0.79219 0.232441 0.617538 0.91679 0.8508 0.977939
0.435897 0.679427 0.115842 0.294712 0.869865 0.495233 0.868575 0.775123 0.878894 0.663939 0.868565 0.292489 0.0256977 0.976147 0.530558 0.0269678 0.557367 0.948218 0.208558 0.604252 0.0926102 0.930477 0.455568 0.0466922 0.133448 0.247759 0.279133 0.750986 0.164549 0.129933 0.728925 0.600446 0.80936 0.844767 0.895158 0.679225 0.34 0.763732 0.454348 0.218895 0.427672 0.322913 0.511383 0.453369 0.29906 0.0419409 0.480337 0.856427 0.990158 0.688895 0.460679 0.0827686 0.619372 0.916247 0.129461 0.75282 0.164006 0.408594 0.503805 0.328555 0.538526 0.23273 0.929001 0.347887
0.0774975 0.824158 0.0271111 0.417498 0.587891 0.481459 0.636392 0.0155627 0.804372 0.147775 0.468932 0.103432 0.189716 0.949269 0.959859 0.179875 0.638164 0.420538 0.262643 0.257536 0.336785 0.392104 0.010356 0.500791 0.800698 0.514161 0.829346 0.339224 0.746892 0.758346 0.687111 0.824389 0.582505 0.714222 0.241887 0.170396 0.19568 0.878279 0.185959 5.21545e-05 0.0260546 0.654891 0.103484 0.215771 0.60416 0.0633428 0.395646 0.242324 0.48388 0.658289 0.499861 0.820665 0.0503929 0.510217 0.321456 0.85109 0.0243779 0.150802 0.190315 0.77127 0.909149 0.877425 0.595659 0.491654
0.591647 0.837546 0.66205 0.787327 0.715825 0.848009 0.787379 0.74188 0.502899 0.890863 0.957651 0.107059 0.954206 0.353297 0.349384 0.438087 0.0115854 0.849244 0.258752 0.0619782 0.359461 0.580208 0.913069 0.383839 0.73101 0.103383 0.155109 0.640159 0.980808 0.750768 0.131813 0.572455 0.588314 0.793863 0.359783 0.304139 0.641871 0.147162 0.0460193 0.144771 0.0380253 0.00367027 0.25183 0.992231 0.356967 0.601214 0.430318 0.368552 0.450458 0.68907 0.43053 0.809919 0.269278 0.343599 0.193758 0.000288391 0.446982 0.348867 0.640448 0.427791 0.099635 0.77226 0.000246136 0.687949
0.566123 0.360029 0.992088 0.207995 0.507191 0.0381074 0.352765 0.545216 0.0417777 0.604595 0.537447 0.398744 0.205809 0.967765 0.767297 0.656268 0.656835 0.197827 0.466187 0.926113 0.541426 0.659946 0.926402 0.988409 0.00881308 0.566849 0.4162 0.108448 0.33911 0.416446 0.796397 0.905233 0.776474 0.788485 0.113228 0.283665 0.826592 0.465993 0.828881 0.86837 0.0705884 0.366328 0.267115 0.276398 0.334094 0.0344112 0.932666 0.990929 0.232238 0.398853 0.917042 0.773665 0.0587991 0.843444 0.762073 0.0676122 0.410293 0.178273 0.17606 0.749403 0.594719 0.972457 0.654636 0.371193
0.760942 0.767863 0.654858 0.587534 0.233856 0.483739 0.455905 0.304445 0.850067 0.723019 0.580843 0.18416 0.75743 0.513508 0.175089 0.989669 0.912362 0.0921312 0.763333 0.971161 0.935575 0.525406 0.0387728 0.345868 0.703679 0.214833 0.0952712 0.298398 0.18729 0.749907 0.669591 0.948232 0.517771 0.324449 0.535767 0.751627 0.808187 0.991671 0.0560716 0.658254 0.71469 0.636914 0.842414 0.47212 0.150423 0.0175029 0.461789 0.0627842 0.109634 0.225122 0.0339449 0.0452093 0.750529 0.0727177 0.391078 0.454208 0.287551 0.486349 0.752606 0.474841 0.236256 0.422197 0.423073 0.754027
0.746645 0.958839 0.505653 0.554832 0.950511 0.561725 0.213086 0.665201 0.198639 0.0555 0.137321 0.349062 0.0730029 0.59911 0.411846 0.182637 0.824233 0.445791 0.227846 0.574762 0.518509 0.618924 0.0289697 0.80606 0.105273 0.781576 0.2809 0.341529 0.203773 0.703973 0.0955555 0.950418 0.662813 0.601209 0.50525 0.613323 0.162934 0.718336 0.278524 0.361573 0.773836 0.415845 0.710635 0.846839 0.0149556 0.122482 0.0294764 0.839188 0.568273 0.257323 0.41395 0.0867816 0.876247 0.44292 0.892841 0.98152 0.224495 0.173742 0.323049 0.428268 0.877715 0.418604 0.378686 0.540528
0.0198133 0.883936 0.153851 0.182747 0.602272 0.432375 0.544321 0.376109 0.848221 0.254956 0.222948 0.863176 0.377438 0.252424 0.702365 0.945711 0.509747 0.116314 0.0324924 0.385994 0.559234 0.925334 0.367514 0.783729 0.0990752 0.690563 0.211997 0.97679 0.109167 0.590683 0.517318 0.12898 0.474618 0.671169 0.311728 0.0768906 0.103544 0.856049 0.452999 0.951765 0.111005 0.675947 0.814941 0.488443 0.928371 0.517305 0.434154 0.438118 0.63362 0.466646 0.824112 0.192854 0.39198 0.191626 0.976583 0.491055 0.882188 0.18858 0.467845 0.991355 0.779262 0.985163 0.120336 0.25388
0.656332 0.432063 0.330771 0.759876 0.288112 0.78377 0.71164 0.399117 0.459717 0.526581 0.88756 0.388088 0.0438866 0.321713 0.826206 0.677506 0.788359 0.650319 0.87036 0.180339 0.841944 0.846943 0.671394 0.724133 0.0355221 0.139239 0.715488 0.814784 0.124402 0.835824 0.0686646 0.780734 0.267887 0.399436 0.54061 0.555999 0.183206 0.25225 0.955116 0.642923 0.778831 0.842675 0.0310114 0.822718 0.164389 0.857218 0.500224 0.952748 0.507536 0.370584 0.133087 0.349481 0.217527 0.804482 0.0736132 0.253049 0.943721 0.789101 0.067833 0.0681228 0.624925 0.136498 0.848857 0.892812
0.535933 0.389466 0.448811 0.719139 0.641716 0.403926 0.362062 0.420548 0.246602 0.393073 0.243266 0.41099 0.250291 0.74349 0.363738 0.757828 0.114075 0.496826 0.107308 0.331601 0.301307 0.180921 0.58465 0.245028 0.970023 0.652483 0.313151 0.594947 0.788981 0.162008 0.487759 0.324914 0.551474 0.93657 0.0440532 0.19319 0.340496 0.406115 0.613738 0.587097 0.799189 0.857004 0.998088 0.04948 0.600494 0.361826 0.807308 0.714569 0.858652 0.914616 0.0461704 0.159959 0.0955373 0.630821 0.404987 0.0655599 0.283304 0.718138 0.660507 0.0722849 0.880146 0.148266 0.397199 0.431619
0.084836 0.441252 0.624809 0.425332 0.847368 0.238547 0.0124292 0.646556 0.0955513 0.0105167 0.696036 0.696046 0.372343 0.503344 0.410615 0.230994 0.41796 0.456785 0.390953 0.513497 0.0876056 0.79594 0.579057 0.37091 0.514078 0.239564 0.443195 0.394224 0.387831 0.840394 0.825843 0.472667 0.281646 0.450653 0.897999 0.129013 0.6892 0.910428 0.77557 0.784752 0.920945 0.471606 0.480797 0.293287 0.97495 0.891412 0.524281 0.39291 0.348197 0.915235 0.906407 0.435802 0.711175 0.485464 0.806712 0.225253 0.725029 0.249906 0.619477 0.112859 0.0902999 0.445321 0.585526 0.371946
0.895974 0.483525 0.500959 0.585174 0.393953 0.276529 0.369925 0.314897 0.748135 0.850723 0.608185 0.723085 0.742135 0.132466 0.115995 0.0903311 0.0477004 0.0224023 0.526133 0.758875 0.507867 0.332845 0.984129 0.232895 0.582752 0.603606 0.345755 0.673051 0.0489269 0.931281 0.0449973 0.9449 0.414806 0.545957 0.530074 0.808759 0.822486 0.9 0.123656 0.570621 0.750723 0.731841 0.293706 0.492857 0.864306 0.409701 0.583188 0.912007 0.432103 0.109322 0.670882 0.93997 0.442167 0.655011 0.172865 0.0249184 0.258617 0.518619 0.69797 0.307544 0.4499 0.742967 0.252444 0.864706
0.288924 0.782519 0.673465 0.111409 0.682518 0.797121 0.68203 0.433241 0.528961 0.975735 0.926098 0.393268 0.385436 0.509286 0.305275 0.81754 0.618608 0.976157 0.757509 0.0607747 0.631168 0.930374 0.085693 0.889784 0.448993 0.783663 0.197328 0.898894 0.52663 0.449772 0.7636 0.815554 0.232291 0.437064 0.926963 0.914809 0.234185 0.608993 0.34805 0.763147 0.584728 0.274148 0.156415 0.970164 0.783434 0.461689 0.787704 0.402042 0.437846 0.545213 0.462817 0.0690136 0.475587 0.54851 0.958798 0.92458 0.332173 0.156126 0.823474 0.858803 0.605898 0.587073 0.674357 0.838189
0.0241378 0.601319 0.752998 0.258323 0.210312 0.101048 0.0214698 0.79504 0.375196 0.177884 0.765205 0.158631 0.639574 0.552909 0.560673 0.07742 0.0981218 0.0234898 0.146434 0.573709 0.572 0.105232 0.498289 0.904173 0.261358 0.321763 0.762976 0.867256 0.908836 0.437332 0.705445 0.932974 0.0386517 0.458443 0.191297 0.248964 0.559491 0.212767 0.0440041 0.934687 0.390651 0.809209 0.0933177 0.0302253 0.362118 0.653991 0.107645 0.460239 0.67748 0.254079 0.0339481 0.24948 0.35931 0.532237 0.153653 0.620668 0.854 0.916628 0.487924 0.762836 0.353961 0.193368 0.69581 0.392612
0.651811 0.887107 0.641576 0.211302 0.0998744 0.68558 0.145989 0.490526 0.494789 0.239307 0.520751 0.856907 0.893297 0.628396 0.317146 0.570778 0.882475 0.351094 0.820258 0.241786 0.883331 0.973911 0.862453 0.737331 0.890539 0.350377 0.500168 0.2445 0.543745 0.195978 0.637112 0.195556 0.0830856 0.278689 0.406858 0.18296 0.964269 0.552847 0.673486 0.459058 0.792154 0.194237 0.315965 0.685452 0.822633 0.633111 0.256229 0.705109 0.984205 0.0764872 0.946894 0.867536 0.050398 0.809347 0.604868 0.940937 0.159724 0.105036 0.185437 0.70347 0.301014 0.82255 0.899026 0.384099
0.101238 0.305885 0.567059 0.0655071 0.858732 0.240545 0.524565 0.650886 0.434782 0.84053 0.336338 0.257415 0.473641 0.592567 0.962524 0.457846 0.669054 0.909418 0.325383 0.719452 0.718765 0.930251 0.66039 0.87849 0.0352862 0.845827 0.58196 0.3363 0.668376 0.480986 0.720399 0.769615 0.786871 0.287458 0.835122 0.645603 0.528003 0.359687 0.29649 0.962785 0.200217 0.632827 0.220201 0.673858 0.225394 0.182725 0.131705 0.894449 0.0921429 0.457088 0.613901 0.810908 0.387339 0.274291 0.689398 0.422625 0.120117 0.271358 0.758925 0.788494 0.752344 0.479324 0.558108 0.539215
0.766782 0.39323 0.184818 0.294785 0.752917 0.481308 0.257571 0.953134 0.114135 0.477771 0.626993 0.33953 0.660496 0.758698 0.233978 0.752639 0.215786 0.847879 0.563547 0.603124 0.12217 0.252946 0.0257488 0.242287 0.524304 0.784673 0.0307811 0.276648 0.263997 0.58889 0.815863 0.0307786 0.98212 0.000680998 0.325564 0.735037 0.481989 0.583134 0.688171 0.596124 0.0609057 0.315164 0.935654 0.721402 0.0738616 0.169632 0.474041 0.289647 0.0175112 0.0375886 0.892771 0.139681 0.290534 0.91852 0.381968 0.814838 0.703193 0.412749 0.0914854 0.96719 0.00163909 0.907348 0.997969 0.983759
0.908029 0.323532 0.718796 0.390018 0.906667 0.406967 0.986142 0.967572 0.722131 0.921795 0.688974 0.795992 0.0914273 0.163016 0.0856394 0.108938 0.200604 0.978411 0.24862 0.491138 0.896931 0.630588 0.305976 0.600124 0.0433374 0.397462 0.567314 0.0449765 0.30481 0.565283 0.0287353 0.212839 0.888815 0.747531 0.602857 0.795482 0.154498 0.588999 0.763054 0.876628 0.510794 0.452029 0.67262 0.602221 0.615044 0.75826 0.71116 0.815648 0.73667 0.95978 0.306787 0.633601 0.590367 0.612763 0.233725 0.633705 0.0102245 0.801039 0.678681 0.315034 0.366322 0.707417 0.527873 0.255137
0.454947 0.13073 0.0506187 0.609445 0.719729 0.813673 0.486073 0.230523 0.265701 0.158693 0.832744 0.880745 0.916953 0.543904 0.696394 0.653623 0.503684 0.00318047 0.287224 0.0940512 0.615943 0.520949 0.727756 0.626168 0.321988 0.406437 0.941202 0.68831 0.113854 0.469075 0.943447 0.568801 0.599805 0.994066 0.178246 0.319534 0.807739 0.664319 0.550057 0.0734401 0.823013 0.382801 0.954186 0.739966 0.926706 0.650579 0.393589 0.43039 0.65376 0.680813 0.524441 0.269703 0.201763 0.252197 0.895871 0.523751 0.658634 0.837073 0.212061 0.772488 0.306148 0.155509 0.341289 0.905954
0.149574 0.519536 0.225488 0.957313 0.183855 0.775545 0.0307533 0.00686747 0.158346 0.984939 0.746833 0.085052 0.635518 0.140422 0.515442 0.289278 0.821236 0.0398823 0.558981 0.0229984 0.292079 0.454852 0.54675 0.950713 0.291925 0.758811 0.723201 0.598074 0.91432 0.0644908 0.504028 0.0638942 0.584026 0.729515 0.0212074 0.767881 0.50506 0.0519608 0.774749 0.663407 0.0368997 0.521582 0.748459 0.672418 0.662004 0.2639 0.961696 0.48324 0.303782 0.520677 0.506238 0.595861 0.975529 0.0529878 0.546575 0.267455 0.811799 0.269776 0.865529 0.726119 0.334267 0.369556 0.790013 0.918293
0.0990717 0.81122 0.686175 0.604132 0.863181 0.460923 0.267539 0.900081 0.982505 0.0159971 0.572499 0.644509 0.279897 0.534195 0.127749 0.58368 0.0548717 0.633987 0.179541 0.030401 0.686975 0.726116 0.297856 0.498774 0.995892 0.163384 0.224892 0.330159 0.532941 0.0149053 0.248452 0.632012 0.826126 0.934627 0.236144 0.689307 0.395551 0.503683 0.589388 0.378056 0.51968 0.161886 0.0225654 0.799577 0.696081 0.150314 0.383257 0.750953 0.784301 0.562798 0.781354 0.471276 0.288914 0.0792094 0.97005 0.284806 0.242594 0.194942 0.614965 0.775534 0.209847 0.863418 0.407546 0.0359732
0.798045 0.643691 0.72528 0.193595 0.147374 0.314668 0.571652 0.667054 0.476554 0.594217 0.466631 0.172635 0.744531 0.849888 0.923588 0.528833 0.412686 0.704941 0.000108784 0.701599 0.784151 0.970159 0.986405 0.0267444 0.165101 0.60137 0.802279 0.374948 0.464788 0.209825 0.410921 0.262833 0.853516 0.136201 0.456428 0.000889379 0.450869 0.0280798 0.667943 0.927423 0.622297 0.134574 0.100058 0.366828 0.984461 0.0236455 0.895661 0.397147 0.728587 0.89577 0.0987463 0.512737 0.865928 0.0851517 0.539482 0.0310289 0.686522 0.34176 0.405977 0.15131 0.551585 0.816898 0.414143 0.405101
0.9531 0.870571 0.405991 0.403969 0.898651 0.0739337 0.331392 0.520948 0.208507 0.43145 0.887776 0.192969 0.455095 0.783437 0.590116 0.183682 0.679206 0.688862 0.696419 0.545135 0.774014 0.235901 0.576163 0.460536 0.577662 0.982141 0.611846 0.129247 0.799039 0.0259891 0.534349 0.752139 0.89656 0.940339 0.156107 0.795211 0.0142729 0.487499 0.316159 0.22278 0.918949 0.203935 0.415749 0.374044 0.987372 0.00586513 0.557726 0.666579 0.694727 0.254146 0.211713 0.468741 0.490047 0.787877 0.929277 0.0677085 0.770017 0.541123 0.196956 0.569056 0.567113 0.731304 0.321195 0.463673
0.671643 0.477302 0.258884 0.685916 0.964801 0.575044 0.908697 0.88375 0.778979 0.324446 0.257794 0.766352 0.330311 0.81552 0.43293 0.0250384 0.069666 0.644644 0.49378 0.559713 0.432521 0.423057 0.627421 0.202538 0.96418 0.824377 0.771594 0.531293 0.555681 0.0927891 0.994966 0.227325 0.570091 0.25385 0.913241 0.534893 0.828894 0.821938 0.418643 0.607874 0.146384 0.676437 0.374225 0.476695 0.491958 0.807155 0.501733 0.561624 0.451799 0.995513 0.121337 0.88432 0.41857 0.748758 0.0868575 0.38275 0.573135 0.858452 0.914043 0.128816 0.951241 0.909009 0.356141 0.521332
0.162859 0.269382 0.0562251 0.991754 0.0913194 0.474868 0.599627 0.237703 0.151306 0.973852 0.714398 0.643263 0.781008 0.216131 0.204887 0.232807 0.211643 0.326224 0.117126 0.630213 0.0749818 0.203984 0.0129627 0.648117 0.0624355 0.927006 0.776933 0.0136763 0.836015 0.133074 0.535009 0.998874 0.402455 0.591234 0.990628 0.493775 0.0661018 0.590255 0.731478 0.217407 0.564107 0.445875 0.860671 0.345115 0.662006 0.0655582 0.577921 0.873649 0.391782 0.695048 0.503862 0.466764 0.899031 0.516825 0.11488 0.961467 0.44383 0.891813 0.975143 0.279845 0.0248867 0.510152 0.278719 0.427342
0.101386 0.269346 0.921117 0.167487 0.859601 0.652594 0.384895 0.423708 0.0984696 0.245566 0.768823 0.760475 0.311124 0.346744 0.634124 0.702906 0.0417918 0.137986 0.16967 0.940823 0.654811 0.28455 0.90229 0.098641 0.176363 0.877434 0.378486 0.20125 0.387586 0.657204 0.628592 0.488971 0.926551 0.549709 0.656459 0.786152 0.202303 0.0413534 0.20986 0.300773 0.286919 0.978682 0.0612481 0.598043 0.325426 0.695373 0.300949 0.367218 0.833359 0.470619 0.308041 0.48817 0.755169 0.210332 0.58681 0.931532 0.0877653 0.965296 0.132782 0.475351 0.622501 0.761374 0.964322 0.549051
0.311083 0.620781 0.335203 0.513386 0.662134 0.545063 0.814159 0.949053 0.523745 0.875407 0.547096 0.849171 0.57078 0.848045 0.21639 0.404139 0.318664 0.524431 0.892308 0.0738324 0.734763 0.479119 0.00536464 0.822528 0.444415 0.138147 0.297879 0.0669155 0.899521 0.262201 0.615967 0.210605 0.882982 0.95117 0.723991 0.545115 0.496232 0.53815 0.494169 0.0199772 0.413558 0.0412646 0.869149 0.984338 0.88931 0.0855381 0.388476 0.207973 0.609969 0.280784 0.281806 0.344732 0.759903 0.28717 0.16726 0.204318 0.425317 0.465139 0.271233 0.324839 0.72734 0.8872 0.535444 0.610321
0.83837 0.259435 0.155437 0.334602 0.797585 0.649605 0.354579 0.211143 0.69087 0.223728 0.195481 0.58018 0.309266 0.583957 0.788153 0.919235 0.864741 0.0699584 0.263967 0.624644 0.357129 0.431227 0.828962 0.782446 0.896366 0.100196 0.107285 0.623706 0.987396 0.642728 0.234027 0.825766 0.902163 0.389464 0.160368 0.699748 0.0390695 0.514948 0.910891 0.72994 0.738676 0.106372 0.310119 0.047942 0.690329 0.0982719 0.967177 0.55507 0.16823 0.231144 0.179714 0.525359 0.662372 0.0086766 0.307805 0.558738 0.108872 0.415089 0.182443 0.0962684 0.0578173 0.416471 0.922034 0.95998
0.805935 0.0824027 0.659728 0.845004 0.59735 0.570619 0.574944 0.336026 0.676991 0.885063 0.383968 0.367319 0.983335 0.351146 0.922389 0.151565 0.58229 0.102104 0.676924 0.244661 0.11078 0.984729 0.803399 0.219653 0.399818 0.985842 0.315921 0.457635 0.402313 0.237956 0.417615 0.208248 0.320358 0.0773435 0.0532519 0.917709 0.647963 0.628196 0.253735 0.324954 0.513259 0.637703 0.692273 0.496594 0.988849 0.614663 0.648159 0.571139 0.716766 0.325083 0.8158 0.827546 0.309812 0.619199 0.0471991 0.70963 0.605042 0.36312 0.167265 0.00735468 0.601076 0.58488 0.215602 0.921434
0.662224 0.268854 0.839143 0.310187 0.89705 0.0928781 0.63514 0.410309 0.730582 0.327413 0.906902 0.719431 0.942076 0.555061 0.29057 0.658842 0.880144 0.10637 0.486389 0.189956 0.725569 0.533588 0.899586 0.330611 0.896708 0.0668509 0.337966 0.497784 0.651731 0.553568 0.419218 0.313955 0.822422 0.258361 0.624142 0.719472 0.351239 0.259282 0.129781 0.0818208 0.586696 0.0366835 0.801251 0.528772 0.591745 0.0918209 0.187614 0.471889 0.198191 0.674003 0.661845 0.92376 0.207591 0.561431 0.254371 0.104299 0.628282 0.592337 0.602083 0.280013 0.145905 0.0213008 0.593968 0.968327
0.279662 0.21811 0.6878 0.630901 0.477392 0.817581 0.712722 0.0640881 0.854264 0.513973 0.59286 0.446009 0.605794 0.780474 0.917898 0.803985 0.454477 0.579743 0.727745 0.662067 0.141174 0.982116 0.766366 0.769456 0.574453 0.368449 0.049469 0.720358 0.389749 0.643437 0.688686 0.669411 0.861548 0.376485 0.300312 0.33894 0.194066 0.0130342 0.403028 0.0483308 0.527008 0.995888 0.49434 0.132802 0.776362 0.412238 0.936787 0.230838 0.991982 0.664532 0.892906 0.133156 0.646648 0.659271 0.902612 0.221101 0.02772 0.952081 0.941459 0.417469 0.595518 0.630145 0.0868805 0.457065
0.00663067 0.387193 0.796005 0.200697 0.400227 0.199033 0.249028 0.927235 0.194921 0.743368 0.0600362 0.971283 0.155606 0.996823 0.202122 0.147588 0.661354 0.0950273 0.280743 0.308002 0.754299 0.183355 0.529104 0.782019 0.135435 0.470563 0.199488 0.730953 0.100708 0.286369 0.188019 0.107339 0.673561 0.984024 0.308036 0.0737886 0.183057 0.557064 0.0010232 0.377979 0.300432 0.0610594 0.349262 0.456038 0.0578822 0.551384 0.603625 0.719237 0.646411 0.884368 0.0272392 0.40071 0.0677231 0.556343 0.182728 0.203158 0.0269059 0.382217 0.934112 0.127614 0.668585 0.12213 0.234953 0.342147
0.106154 0.542989 0.415935 0.289212 0.100053 0.416958 0.66719 0.400485 0.478018 0.0164524 0.856523 0.5359 0.567836 0.460148 0.255137 0.214247 0.344516 0.282376 0.614957 0.412239 0.838719 0.797685 0.615398 0.865625 0.179902 0.549509 0.993239 0.848487 0.67164 0.228192 0.190634 0.777794 0.771181 0.606569 0.0670052 0.871235 0.0235273 0.734196 0.271719 0.501545 0.750648 0.128242 0.0374453 0.318484 0.58839 0.292582 0.532731 0.932906 0.574958 0.147688 0.345145 0.413677 0.945374 0.960543 0.279302 0.125276 0.510052 0.272541 0.973763 0.181691 0.500733 0.164397 0.959485 0.271914
0.770966 0.0264901 0.143149 0.794493 0.760686 0.414868 0.296038 0.511334 0.54311 0.333483 0.829818 0.1315 0.626066 0.362549 0.0644055 0.201024 0.510238 0.40955 0.6147 0.455612 0.370093 0.894002 0.580887 0.880145 0.166543 0.55465 0.061836 0.667275 0.719047 0.0213209 0.939189 0.490013 0.0478109 0.0823383 0.284506 0.808497 0.497207 0.580544 0.31983 0.0403168 0.914027 0.149648 0.171817 0.540093 0.512197 0.236222 0.741116 0.0224351 0.645773 0.355817 0.478047 0.0158655 0.249819 0.0589343 0.89601 0.416362 0.613585 0.957846 0.0836369 0.332632 0.979167 0.0228264 0.822645 0.0269781
0.105165 0.107151 0.835475 0.602371 0.687694 0.155305 0.642688 0.601722 0.304953 0.814505 0.141815 0.81715 0.0507267 0.882931 0.839585 0.696499 0.238748 0.317632 0.712365 0.488567 0.376566 0.608375 0.904929 0.990151 0.566221 0.988566 0.322783 0.545388 0.0113918 0.145428 0.572367 0.116557 0.252579 0.407841 0.718928 0.940273 0.563146 0.361616 0.541995 0.868099 0.17612 0.683809 0.685249 0.226847 0.566741 0.524835 0.923346 0.805489 0.842467 0.635711 0.294056 0.219033 0.244086 0.198984 0.209185 0.810308 0.18755 0.531968 0.355696 0.198942 0.677396 0.928063 0.315498 0.929974
0.335904 0.0344259 0.870247 0.89905 0.396042 0.412242 0.767149 0.572162 0.0960515 0.452398 0.799009 0.662792 0.977233 0.722355 0.468281 0.8197 0.358067 0.762336 0.0387333 0.602153 0.961321 0.247918 0.412461 0.148871 0.779886 0.768157 0.347812 0.457281 0.69622 0.663311 0.387256 0.0321237 0.697737 0.257503 0.931174 0.0937782 0.669745 0.698323 0.66594 0.765797 0.150721 0.464949 0.428589 0.127954 0.187305 0.896869 0.947654 0.545372 0.659206 0.986387 0.147525 0.620527 0.234305 0.559986 0.769398 0.0141904 0.328143 0.11721 0.471472 0.0243623 0.780521 0.858727 0.056486 0.478257
0.11623 0.98766 0.572035 0.785975 0.685982 0.237976 0.551772 0.836703 0.702925 0.980361 0.964657 0.89023 0.87723 0.91231 0.435601 0.536436 0.898697 0.583126 0.156963 0.133002 0.143112 0.92636 0.147192 0.471254 0.0435702 0.618664 0.495616 0.824091 0.477392 0.552103 0.302348 0.593622 0.539762 0.874383 0.379597 0.225744 0.112359 0.931369 0.0624474 0.815284 0.91173 0.0271042 0.705514 0.78896 0.939415 0.141115 0.325396 0.838112 0.724241 0.482358 0.971114 0.867353 0.408719 0.118307 0.338607 0.452289 0.736971 0.834223 0.276379 0.214362 0.386326 0.578727 0.807984 0.926088
0.45311 0.187582 0.151832 0.565469 0.118951 0.21428 0.380753 0.0306807 0.241384 0.0862665 0.81964 0.180799 0.227381 0.145036 0.0189105 0.951622 0.627394 0.990024 0.818975 0.0361128 0.108331 0.157582 0.488402 0.845302 0.991805 0.764781 0.0596642 0.378131 0.343508 0.867649 0.304219 0.796619 0.0552305 0.456051 0.362088 0.174182 0.670331 0.742841 0.204862 0.911715 0.829107 0.0245027 0.0925131 0.0564888 0.169539 0.111424 0.00811119 0.796933 0.101448 0.827086 0.833046 0.209779 0.984668 0.321447 0.0550807 0.976473 0.0862285 0.114745 0.354603 0.429737 0.982394 0.658822 0.226355 0.0376241
0.114873 0.588443 0.211806 0.785203 0.331284 0.416668 0.696918 0.160392 0.441171 0.789431 0.21688 0.610709 0.900855 0.224992 0.407642 0.00230275 0.0520778 0.240688 0.212082 0.0367457 0.562136 0.267162 0.0132185 0.648364 0.381907 0.367822 0.078101 0.364301 0.0266439 0.304456 0.401925 0.141517 0.8929 0.613731 0.92672 0.224184 0.0303988 0.623638 0.384576 0.471569 0.413069 0.601456 0.0822788 0.313924 0.826448 0.489921 0.316227 0.878526 0.73061 0.528309 0.915271 0.292745 0.795471 0.92849 0.94111 0.177379 0.296312 0.0192106 0.54168 0.322955 0.323667 0.943605 0.464472 0.216567
0.557336 0.391192 0.440751 0.587734 0.0148307 0.825327 0.0593038 0.4279 0.426783 0.141583 0.741824 0.253231 0.631504 0.0580512 0.131756 0.362114 0.58636 0.0470275 0.654859 0.381831 0.975517 0.595968 0.55921 0.271829 0.615179 0.100889 0.594784 0.938846 0.0444939 0.0592563 0.155413 0.60183 0.450449 0.596164 0.189564 0.465279 0.421491 0.248868 0.893179 0.848274 0.39045 0.635004 0.101504 0.0219544 0.693055 0.233261 0.384068 0.279415 0.280288 0.0389267 0.661246 0.255805 0.634895 0.220455 0.527634 0.250074 0.321344 0.122418 0.18892 0.365838 0.181675 0.344333 0.967668 0.632123
0.940497 0.157232 0.0974027 0.361988 0.4061 0.990582 0.210262 0.79655 0.625586 0.311766 0.818504 0.318641 0.545027 0.202572 0.598056 0.825315 0.241499 0.259301 0.0811205 0.876394 0.479757 0.608755 0.126468 0.801101 0.731173 0.315389 0.166939 0.912847 0.659722 0.134607 0.544971 0.600219 0.291839 0.642373 0.962207 0.697938 0.632955 0.172468 0.494488 0.258541 0.484234 0.312993 0.577182 0.0292613 0.515565 0.175238 0.854576 0.757064 0.434539 0.935697 0.633458 0.914296 0.544451 0.759927 0.715397 0.275624 0.0753154 0.882336 0.188472 0.735037 0.0169429 0.733442 0.335256 0.308782
0.375815 0.297463 0.00672 0.00877062 0.469931 0.501208 0.267312 0.954165 0.814201 0.844494 0.983427 0.329766 0.0197319 0.838003 0.0868305 0.454271 0.7737 0.720289 0.368567 0.318152 0.480216 0.0839634 0.593776 0.555531 0.966299 0.782247 0.290568 0.983242 0.515689 0.625824 0.292024 0.891505 0.923287 0.298744 0.900275 0.393217 0.799952 0.167587 0.347383 0.614153 0.0120812 0.33081 0.94392 0.031813 0.168813 0.03075 0.486084 0.942513 0.751039 0.854651 0.260664 0.231254 0.938614 0.85444 0.786785 0.904913 0.636687 0.0773535 0.888155 0.152377 0.703177 0.180179 0.0438811 0.626464
0.478923 0.944156 0.0196815 0.278875 0.111743 0.367064 0.893028 0.123825 0.697874 0.836948 0.155638 0.866686 0.867698 0.641722 0.809199 0.618737 0.496372 0.0698633 0.849991 0.434986 0.924303 0.636777 0.3399 0.56099 0.71413 0.228055 0.713367 0.417308 0.408234 0.757248 0.0437718 0.887157 0.701404 0.0634532 0.166033 0.813148 0.430518 0.059061 0.936972 0.128391 0.896009 0.0926099 0.995078 0.763707 0.734331 0.804277 0.382444 0.230704 0.87414 0.232435 0.66569 0.798443 0.869212 0.00559013 0.359434 0.583342 0.233645 0.0728008 0.000650303 0.64188 0.830049 0.0444221 0.529037 0.531453
0.107875 0.69507 0.344601 0.538393 0.754131 0.281573 0.666784 0.65014 0.374183 0.661862 0.413847 0.108515 0.466139 0.796291 0.339218 0.340279 0.028726 0.00490882 0.138722 0.897938 0.010499 0.498156 0.481281 0.244144 0.570957 0.481931 0.886024 0.401006 0.526353 0.415061 0.932459 0.634228 0.110131 0.27706 0.172621 0.864262 0.558633 0.839405 0.514401 0.932816 0.501267 0.928248 0.0413309 0.967406 0.724539 0.380549 0.307685 0.753265 0.385458 0.446408 0.651203 0.395957 0.944564 0.132484 0.640101 0.515521 0.614415 0.526126 0.916527 0.140768 0.941187 0.848986 0.774996 0.0513179
0.126046 0.947617 0.91558 0.684679 0.787023 0.429981 0.617495 0.28829 0.358229 0.658826 0.255696 0.0827681 0.0393755 0.563382 0.836033 0.424834 0.00978915 0.487236 0.820791 0.954353 0.619719 0.460892 0.469874 0.234134 0.987018 0.3864 0.374901 0.928205 0.235386 0.149897 0.979523 0.361432 0.0975145 0.895102 0.0461105 0.884537 0.325083 0.663606 0.172827 0.683313 0.322432 0.428524 0.766081 0.361807 0.991905 0.602114 0.786641 0.00169425 0.0893494 0.607432 0.956047 0.709069 0.0683242 0.425921 0.943203 0.0553421 0.812321 0.318104 0.983547 0.047707 0.468001 0.96307 0.409139 0.565516
0.858172 0.455249 0.450053 0.183255 0.118855 0.62288 0.866568 0.441287 0.0514038 0.632649 0.803094 0.0433089 0.234763 0.589735 0.0450032 0.324112 0.197167 0.00105032 0.0331809 0.265491 0.426971 0.976383 0.320833 0.239292 0.294487 0.30438 0.286999 0.762489 0.267449 0.696138 0.328005 0.125621 0.151387 0.778058 0.308877 0.270242 0.400938 0.175445 0.711528 0.452342 0.808094 0.514622 0.495651 0.042857 0.104357 0.540654 0.366969 0.301524 0.541704 0.40015 0.567014 0.968675 0.376533 0.887847 0.207968 0.671021 0.192227 0.494967 0.43351 0.459677 0.191105 0.761514 0.585298 0.342492
0.539572 0.894175 0.612734 0.94051 0.0696202 0.324262 0.392852 0.877714 0.838884 0.888503 0.920571 0.943241 0.429156 0.287541 0.244765 0.970861 0.68769 0.811779 0.939536 0.0642239 0.699627 0.147504 0.735245 0.891854 0.642471 0.168755 0.35153 0.833575 0.930269 0.936828 0.176067 0.469841 0.831003 0.788801 0.410351 0.900624 0.113063 0.803203 0.778338 0.951948 0.691706 0.69891 0.895189 0.120862 0.98645 0.139954 0.0917227 0.674141 0.951733 0.0312588 0.738365 0.65136 0.178762 0.473609 0.543213 0.821233 0.642364 0.894744 0.654808 0.572633 0.831572 0.830876 0.0424738 0.662575
0.619677 0.452825 0.563199 0.732741 0.256028 0.341537 0.684688 0.947733 0.0404467 0.579877 0.0685954 0.0268968 0.719831 0.160318 0.701037 0.671565 0.191577 0.439402 0.322924 0.370339 0.913011 0.866137 0.191572 0.555375 0.760881 0.846381 0.128008 0.592453 0.677257 0.170482 0.255028 0.296934 0.623307 0.818227 0.0296743 0.879335 0.159764 0.714363 0.827068 0.200211 0.29424 0.895663 0.227108 0.0140715 0.0559816 0.928145 0.685636 0.247559 0.367547 0.00856029 0.617898 0.280558 0.874698 0.80947 0.835934 0.635579 0.655851 0.963942 0.228032 0.333108 0.134424 0.48306 0.630041 0.757731
0.301287 0.659716 0.637065 0.461051 0.374078 0.464133 0.661262 0.668318 0.359796 0.88837 0.68239 0.415778 0.816515 0.368026 0.663337 0.184062 0.376586 0.281234 0.46462 0.251284 0.0907045 0.300554 0.886863 0.746555 0.264496 0.114894 0.0796629 0.39892 0.597954 0.709704 0.15665 0.899241 0.36942 0.793715 0.360292 0.743498 0.257848 0.0215535 0.411816 0.617645 0.909923 0.0942062 0.0334228 0.726438 0.462232 0.696759 0.910499 0.838818 0.977994 0.375119 0.0901025 0.0686981 0.675673 0.976965 0.815253 0.940169 0.0918595 0.894916 0.339088 0.689813 0.60462 0.495739 0.589054 0.97404
0.289454 0.949346 0.717538 0.547302 0.970899 0.129354 0.164947 0.880822 0.22356 0.19837 0.60726 0.685793 0.895129 0.517759 0.524611 0.873123 0.892878 0.614713 0.941821 0.568551 0.591679 0.757074 0.50872 0.683538 0.65199 0.847809 0.373351 0.256611 0.343547 0.962406 0.230651 0.633001 0.911751 0.948189 0.180303 0.882651 0.077543 0.34525 0.763473 0.301103 0.543619 0.370733 0.986896 0.438748 0.888492 0.511507 0.311871 0.78137 0.12622 0.253691 0.349921 0.717899 0.0107654 0.858641 0.401437 0.662756 0.70645 0.774788 0.919366 0.0499967 0.737194 0.150017 0.682998 0.648945
0.098206 0.8633 0.531596 0.175749 0.20855 0.295069 0.476852 0.75217 0.665801 0.463748 0.190918 0.554293 0.975255 0.502788 0.335663 0.101476 0.75648 0.685584 0.819375 0.767245 0.544225 0.220812 0.430001 0.250674 0.9956 0.349367 0.300671 0.732794 0.499384 0.983669 0.381739 0.59759 0.846969 0.913335 0.773339 0.0555192 0.208404 0.250192 0.807689 0.874205 0.71394 0.998607 0.428498 0.689195 0.501395 0.764161 0.790671 0.257875 0.449744 0.610045 0.0251201 0.993969 0.830857 0.455121 0.244643 0.826457 0.804488 0.545314 0.559251 0.303873 0.528983 0.94099 0.901463 0.375952
0.854326 0.674802 0.431471 0.0627297 0.924994 0.23916 0.936935 0.638934 0.237766 0.365433 0.32813 0.739161 0.129594 0.1188 0.997036 0.579338 0.728846 0.0221562 0.573307 0.559703 0.477277 0.81795 0.386159 0.281765 0.363265 0.94541 0.585638 0.892248 0.886401 0.487101 0.268199 0.740726 0.161903 0.69967 0.803456 0.0868976 0.93883 0.740391 0.725832 0.176596 0.105825 0.0539614 0.915758 0.235419 0.172762 0.912794 0.814757 0.901607 0.93495 0.388064 0.46131 0.412227 0.206015 0.84747 0.693992 0.569279 0.79288 0.27963 0.461527 0.679281 0.766731 0.729726 0.420007 0.928635
0.429397 0.223463 0.0155324 0.368227 0.963854 0.741364 0.544823 0.0696789 0.795326 0.460581 0.305097 0.968087 0.373375 0.119854 0.869695 0.308325 0.507919 0.331005 0.720552 0.713933 0.178474 0.414544 0.283213 0.971354 0.694175 0.74474 0.650635 0.460906 0.474466 0.0706418 0.389541 0.903863 0.294105 0.405073 0.27209 0.257959 0.146438 0.816913 0.327638 0.941763 0.277494 0.632736 0.909851 0.650869 0.75259 0.779546 0.959194 0.260508 0.11055 0.679746 0.974442 0.289025 0.0942902 0.257654 0.260379 0.788465 0.00239411 0.911014 0.249371 0.47686 0.981656 0.638912 0.380723 0.275761
0.0439857 0.652813 0.53372 0.190423 0.469726 0.861358 0.132187 0.74722 0.494093 0.0420374 0.398089 0.246683 0.821583 0.357282 0.507192 0.932133 0.037028 0.481634 0.221158 0.131318 0.739288 0.481537 0.919783 0.741682 0.392551 0.169154 0.218542 0.374206 0.808067 0.599265 0.649967 0.852053 0.252078 0.183687 0.0424759 0.721804 0.0450446 0.174663 0.469023 0.539138 0.2167 0.867112 0.785821 0.0382828 0.224394 0.293013 0.970416 0.261422 0.774647 0.191574 0.39274 0.513935 0.673111 0.312523 0.255617 0.065662 0.481678 0.474159 0.439868 0.289745 0.0734245 0.0898354 0.141797 0.325502
0.273522 0.184273 0.047306 0.318567 0.358936 0.516329 0.857705 0.575636 0.383441 0.643526 0.613918 0.607835 0.936539 0.584334 0.869257 0.711186 0.775909 0.261997 0.225121 0.44902 0.574521 0.480738 0.514682 0.0561986 0.954897 0.95455 0.345943 0.0283213 0.0443856 0.48774 0.353824 0.317908 0.672014 0.40113 0.636474 0.0309491 0.917459 0.494179 0.606585 0.3009 0.137705 0.220503 0.908735 0.0742441 0.804837 0.777992 0.78543 0.580746 0.0399896 0.0105508 0.0297658 0.61451 0.491288 0.544448 0.670709 0.446185 0.498998 0.0166521 0.474506 0.543383 0.504393 0.82833 0.861291 0.176406
0.22946 0.497766 0.207355 0.146919 0.991944 0.81394 0.447819 0.12965 0.0344428 0.356554 0.203894 0.83928 0.134546 0.989324 0.420026 0.174536 0.999875 0.449792 0.789046 0.491163 0.99424 0.459755 0.937348 0.493237 0.476407 0.411855 0.0366207 0.9808 0.240185 0.897912 0.157206 0.469645 0.395677 0.364561 0.616563 0.387622 0.178501 0.0643821 0.517271 0.212944 0.420936 0.721165 0.0522239 0.555482 0.710489 0.47225 0.730018 0.710363 0.922042 0.519064 0.201526 0.916282 0.97882 0.138874 0.409519 0.455227 0.550729 0.44614 0.436027 0.790914 0.344051 0.593232 0.260558 0.739729
0.957793 0.877122 0.127351 0.136294 0.941504 0.644622 0.349238 0.36244 0.365787 0.401462 0.917922 0.0762757 0.873712 0.64794 0.786639 0.795754 0.167005 0.988165 0.712035 0.145824 0.127039 0.121554 0.601051 0.677768 0.567694 0.0370777 0.468682 0.911746 0.63031 0.72924 0.651474 0.588103 0.606362 0.778825 0.724397 0.547866 0.423447 0.0736349 0.910305 0.789234 0.475096 0.828227 0.86551 0.348808 0.476168 0.652149 0.144562 0.643173 0.640314 0.856597 0.788997 0.767353 0.978152 0.390048 0.445121 0.545846 0.427126 0.913804 0.457591 0.0574356 0.643044 0.109066 0.645539 0.249406
0.887891 0.369936 0.797272 0.311338 0.443571 0.707577 0.100572 0.918668 0.535804 0.966082 0.267476 0.0119722 0.61823 0.412037 0.655145 0.258544 0.268635 0.444142 0.025897 0.246787 0.83419 0.471018 0.792632 0.261315 0.384822 0.250224 0.318751 0.0278661 0.35929 0.96429 0.277272 0.247181 0.334226 0.0745436 0.558519 0.777797 0.782121 0.65909 0.696465 0.317925 0.625172 0.96394 0.329897 0.243402 0.375978 0.985042 0.501946 0.644612 0.429184 0.527843 0.891399 0.263373 0.998861 0.684031 0.524688 0.383683 0.934255 0.843439 0.411549 0.293545 0.807729 0.688821 0.540726 0.141955
0.763365 0.0992442 0.919752 0.545486 0.758335 0.616217 0.863411 0.383507 0.580157 0.193308 0.626909 0.956134 0.17835 0.128854 0.600747 0.607534 0.656697 0.492146 0.870907 0.655559 0.176177 0.395595 0.0392421 0.110432 0.239034 0.450792 0.403977 0.0467633 0.139613 0.944703 0.188718 0.902978 0.0439472 0.10847 0.448464 0.802282 0.724687 0.311875 0.185788 0.304843 0.505183 0.812697 0.260978 0.683533 0.941551 0.861724 0.291066 0.598249 0.35387 0.161973 0.253807 0.530047 0.557568 0.293049 0.64048 0.796602 0.743841 0.0444568 0.843365 0.883454 0.98916 0.0320837 0.786432 0.0331071
0.140554 0.234896 0.835389 0.865241 0.546771 0.0211772 0.170084 0.0519536 0.833874 0.431062 0.735486 0.775425 0.292786 0.0265527 0.373674 0.646656 0.188526 0.627482 0.176703 0.746094 0.920531 0.817183 0.542696 0.664372 0.86164 0.386061 0.547826 0.8508 0.418145 0.334258 0.883907 0.558699 0.569154 0.719296 0.423939 0.115925 0.740473 0.594023 0.167879 0.574347 0.0250851 0.903365 0.349772 0.317871 0.929918 0.723447 0.964528 0.118444 0.350928 0.141231 0.864537 0.271459 0.958414 0.407233 0.935831 0.820054 0.793295 0.483657 0.670853 0.21144 0.817915 0.55476 0.770138 0.387069
