# Result Matrix C: 64 x 64
rows_C=64
cols_C=64

14.9391 18.5099 16.5154 15.0225 19.1479 15.8791 16.9344 18.3402 17.3165 17.5423 19.9699 17.2522 16.7753 18.2152 17.9952 16.7826 16.5155 15.4431 15.9940 15.3751 17.7218 18.7590 18.6705 19.1713 18.5326 17.2969 14.1641 19.4444 17.5460 18.1181 16.6138 19.6409 19.1337 19.6375 17.0898 17.2865 15.6865 17.0503 17.5275 19.4847 17.5102 15.8674 16.7660 14.9634 20.6387 15.1009 18.6462 20.2071 19.3127 17.3697 17.2833 17.5740 18.7485 17.1945 17.9412 17.7537 15.7839 16.3381 17.9170 15.8923 19.2139 19.9504 19.7097 18.6586
13.2425 16.1055 15.4334 13.6278 17.0567 14.2021 14.6220 15.8307 14.2158 15.5027 16.9854 14.8391 15.0313 14.0115 15.3335 14.6525 12.4933 12.3959 13.6536 13.8241 15.1379 17.3135 16.7119 16.5291 14.7091 15.9844 12.9351 16.1632 14.9113 14.4337 14.6090 17.0145 14.2087 16.8362 14.0862 15.8385 14.7983 15.5428 15.3310 16.9261 14.8809 15.1022 14.8593 14.6816 17.5316 15.1823 16.0778 17.8627 17.4577 14.8496 14.9896 13.5098 15.5781 14.7472 15.4858 15.7960 14.0673 15.1828 15.5796 13.6465 15.9745 16.6103 17.1389 15.9364
14.0957 17.9186 15.5910 13.7893 17.1441 15.3281 15.4122 17.5140 15.0431 17.5073 18.0619 13.5611 16.8640 15.6927 17.7599 14.4760 15.2346 14.4646 14.5696 13.0201 16.4613 17.4953 16.1488 16.9470 16.8174 16.1585 12.6839 17.2792 16.8060 16.0402 14.9711 16.7465 16.1758 18.4958 14.5904 16.2380 13.9582 15.4687 15.2694 15.4639 16.1689 14.5099 16.7924 13.7605 18.9528 15.8595 17.3207 16.9398 18.6381 15.4649 15.4995 15.8950 16.4275 16.4091 17.0575 15.6831 15.6127 16.4312 15.4762 13.4559 16.5838 17.6512 17.7943 17.3596
13.5368 16.6790 15.8014 14.7712 17.8730 16.3058 15.8202 17.3968 15.3245 17.5287 18.2040 15.1837 15.3916 17.0146 17.3594 16.5070 15.8381 14.9929 14.1589 15.0662 16.8974 18.1674 17.5251 18.4129 17.0501 17.8428 13.7572 18.7591 16.3015 15.5248 15.9065 18.3070 17.5661 18.6026 14.9441 16.5926 14.0765 16.8631 16.6783 19.4031 15.7545 15.3201 16.2386 14.4813 18.5882 14.3196 19.8386 18.8471 17.0385 17.6388 16.3065 14.8363 17.0595 15.8615 17.7105 16.6796 14.9972 15.6582 17.2952 14.3795 17.6475 18.6348 18.4106 18.1066
14.4440 15.6150 15.3823 14.6824 18.2563 15.3874 16.7439 16.2287 14.8199 16.6877 17.1159 15.2281 14.2435 15.0338 16.1978 14.9545 14.0854 13.0650 14.3666 15.1380 16.1820 17.7144 15.3998 15.9323 16.1790 16.3387 12.8063 16.2922 14.6510 14.9874 15.0497 17.9089 16.0590 17.7034 15.3550 16.5467 14.6738 16.1940 16.0655 15.3482 14.8589 15.7694 15.7254 13.9093 18.1614 14.8917 17.5291 17.0209 16.9598 15.2875 15.1526 14.0598 16.1699 15.1879 16.9954 16.0332 14.2927 15.1837 15.6604 12.9277 16.3932 17.8946 17.7178 16.8363
11.4493 15.9329 12.3624 12.2867 15.6412 13.8875 13.8671 14.9407 13.7239 15.9294 14.3015 13.0216 12.8191 14.6108 14.1297 12.2040 13.7587 12.7728 13.2047 12.1010 13.7198 15.4352 12.5770 15.2547 13.9130 14.7603 10.0393 16.6765 12.9588 13.0269 12.5661 15.4851 14.8916 16.2186 13.3849 14.3834 10.3660 13.8156 13.6368 14.2626 14.6151 12.4858 14.9973 13.5096 15.7665 11.9133 14.8813 14.8220 15.6773 13.7444 13.7175 12.3853 14.3936 13.5053 14.6682 15.3876 13.1359 13.4252 13.7213 11.2611 14.8440 15.3849 15.7244 15.7688
12.5624 15.2492 14.8009 14.0870 17.1032 14.1789 15.1324 16.7427 13.9765 15.3361 17.7489 15.5438 16.9136 16.2803 15.5900 15.9928 14.6641 13.1993 13.4539 12.2726 15.5399 17.1670 15.7703 16.6535 16.3317 15.4786 11.6756 16.1020 14.8157 15.4945 14.4120 15.4727 17.3216 17.2402 13.8987 15.0441 13.8504 15.0255 15.3644 15.4216 14.3265 13.4778 16.0082 13.5824 17.7494 14.3543 16.2186 17.7076 17.2572 15.5889 15.9164 14.7515 15.4362 15.4490 16.6115 14.9480 13.7047 13.9069 15.3160 13.2120 15.9163 16.1915 16.2269 16.2238
12.9985 16.9631 14.9461 13.5704 17.5001 15.3685 16.1522 15.6174 15.2346 16.4781 16.2638 14.4242 13.7966 15.7252 16.0493 14.0764 14.4555 13.8356 14.7655 14.5281 15.4806 17.7290 15.6056 17.3213 14.7450 16.4408 12.7853 16.5016 15.1056 15.4613 14.5049 18.9268 14.9751 16.5835 13.7429 16.5869 13.0744 15.4015 14.8860 16.1567 15.5845 15.4752 15.2315 14.7206 17.9746 13.5937 17.4835 16.9587 17.6565 14.9888 15.1190 13.4664 16.9900 14.5230 16.3713 16.5984 14.3667 14.5788 16.4463 14.2622 18.4343 17.6374 16.3473 15.4483
13.5926 16.1794 13.7209 13.6558 15.2914 15.4718 14.5077 15.8646 14.0184 15.6760 16.3111 14.6506 14.7533 15.8715 15.8949 14.2474 14.8528 12.2675 13.2707 13.5753 16.3414 15.9033 15.5912 16.4524 16.6722 16.8491 12.9012 16.4690 14.8053 15.4470 14.0796 17.1203 15.8706 16.2883 15.2331 14.9538 14.1972 17.1313 15.3256 16.8272 15.5907 14.0567 15.8928 13.1245 16.7718 14.1608 17.2334 18.0835 18.3161 15.7459 14.4453 13.5596 16.7882 15.3647 15.8096 16.0403 13.3876 14.0438 15.0269 13.3406 15.6385 17.6526 15.9639 17.6146
14.1233 16.5899 15.4217 15.8888 17.3641 16.6655 16.3074 16.9934 15.1472 18.1328 18.7964 15.5990 17.1484 16.9497 17.1223 14.9671 14.8791 12.9704 14.3914 13.1221 16.5168 18.7775 16.9080 17.2919 16.4156 16.0241 14.2628 17.8606 15.8116 14.7744 16.0678 16.2428 16.5562 17.7266 15.5025 17.3588 14.8415 15.9471 17.1446 16.6329 16.8822 15.4534 16.2547 15.9879 19.7042 16.1845 18.0643 18.0845 19.1168 16.7615 17.0012 15.5485 17.3882 15.2881 17.3188 15.6460 16.1698 16.4224 15.5475 13.0647 17.2466 18.2126 18.1893 18.0009
14.7005 16.7320 15.1407 14.4701 16.3395 15.4942 15.7648 16.0277 15.0214 18.2362 18.7855 14.3621 15.5029 16.1184 16.8659 15.0049 15.8999 13.5626 14.7983 13.5220 16.7044 17.9533 16.2356 17.6389 15.5898 15.8586 13.1218 16.8744 14.9320 14.5866 14.9763 17.6340 16.9706 17.4177 14.7223 17.1321 14.1833 14.5929 15.6520 16.0560 16.5813 13.2778 16.4828 14.5704 18.8888 13.6718 17.6719 17.4995 17.7095 14.6190 15.3854 14.3824 16.1020 15.4984 17.7080 15.8663 15.1960 15.0810 15.5537 13.8360 16.0499 17.4597 17.5563 18.3341
16.2380 20.4349 16.7646 16.3547 19.4256 17.5578 16.9282 17.9263 15.4915 18.5842 20.1916 16.3893 18.3352 19.1710 19.7859 17.8525 17.5498 14.3214 16.2724 16.4240 18.2135 20.3300 18.4372 19.2974 18.5305 19.2683 15.1626 20.1014 16.9157 18.7219 17.4713 19.9565 18.4601 20.1977 15.9933 18.7481 16.1062 18.3405 18.1474 19.4986 18.7709 17.3118 19.4648 16.2749 20.9692 17.1252 19.6809 20.9749 20.6185 17.1280 18.8277 17.6028 20.2102 18.1521 19.1916 18.5262 17.6149 17.2662 17.5734 15.5719 18.9490 20.3690 19.4946 20.6765
13.8382 18.7654 16.9199 15.9827 20.3410 17.8685 16.7807 18.6473 17.6097 18.3091 20.0601 17.4765 17.3453 17.9666 19.3351 17.5583 17.2927 16.3178 16.1860 15.3698 18.1256 20.1790 17.9728 19.8438 18.9918 19.2289 14.5732 19.8524 16.9715 17.1023 17.7785 19.8617 17.9877 19.3406 17.4091 18.1093 15.7370 17.6615 16.8414 19.1984 16.2543 17.8096 18.1942 16.6018 21.3827 16.9717 19.8084 19.5023 19.3887 17.2613 17.8461 16.6770 17.5179 16.4416 19.3007 19.1913 17.3478 17.4410 18.1960 16.0635 18.6681 19.7880 19.6944 19.8185
14.8900 16.5293 15.8868 14.7534 16.1048 15.7104 15.3268 16.6974 14.6880 16.3174 17.5408 13.8933 15.4595 15.4349 16.1252 16.4979 13.4185 13.0363 14.3184 14.1998 16.5098 18.0034 15.1404 16.9187 15.5808 14.6451 12.2842 17.6185 15.6457 15.3074 15.0873 16.5217 15.3398 16.7575 13.2573 17.2719 13.6048 14.6999 16.7971 17.5206 16.6887 15.3516 16.0216 13.9414 18.7869 14.4973 17.4111 15.7808 17.7249 14.5904 15.3167 14.3965 17.0384 14.1338 17.0675 15.2878 15.0085 15.2335 14.8832 13.5892 16.2599 16.9974 17.7343 16.5233
14.7321 17.6796 14.5138 15.4845 17.1669 17.4169 17.0114 18.7239 16.5212 18.4933 19.5002 15.5873 17.6341 17.9547 17.8472 17.4268 15.8788 13.8634 15.3518 15.1468 17.4258 17.9215 16.8556 19.6885 18.9358 17.4780 14.4810 19.3914 16.8227 17.2300 16.3462 19.1565 18.4242 19.1519 15.0793 18.4836 15.3036 17.4653 17.8814 19.3961 16.3983 16.3084 18.4428 14.7869 19.3441 15.2533 18.5279 20.0341 18.2624 17.0256 17.5435 17.4709 18.7773 16.6079 17.1395 17.2342 15.8451 17.2499 17.3182 15.2679 17.0198 19.6318 18.5208 18.2528
14.4617 19.0106 14.9787 15.0250 18.1668 16.0022 15.9759 17.5587 15.3995 17.5704 18.3654 15.2405 15.4555 16.7594 16.6110 15.6867 16.2599 13.8233 14.4839 15.1670 17.1180 18.3623 15.3971 17.6570 16.8028 17.9375 13.0859 18.7601 15.9452 16.8835 15.3050 18.4437 17.5462 19.3512 15.6788 17.2376 13.6740 17.2361 16.4234 17.0058 17.3956 15.0553 17.6933 15.2592 19.0146 14.5091 17.9948 18.6390 18.5421 15.7607 15.5855 15.6928 16.8673 16.3075 17.8089 17.4104 15.9736 15.8981 16.3325 14.5559 17.5556 19.0169 19.0908 18.2974
15.3603 16.4657 16.3584 15.2214 17.6423 16.5871 15.8186 17.4743 15.2899 18.3737 19.8083 16.7327 16.9803 17.2797 15.9924 16.7119 16.6297 14.7399 16.8123 15.5507 18.4238 17.8556 17.9626 19.5559 16.8679 17.7109 13.1337 18.9570 16.5267 16.4315 16.0179 18.0253 18.0054 19.0520 14.6345 17.5070 15.4507 16.6416 16.1900 18.4226 16.0172 16.1707 17.0897 14.9880 19.6515 14.6254 18.1540 18.7055 18.6705 16.2433 16.5757 16.7438 17.6505 15.9555 16.6816 16.8655 15.0604 16.4595 16.5039 15.3357 17.3523 18.6441 18.2371 18.0081
16.0768 19.4989 15.5525 15.1063 20.7292 17.9090 17.9812 18.6787 16.4123 17.6029 19.4185 16.2906 17.1059 18.3670 18.8767 16.8430 17.5501 15.0075 16.3845 15.8767 17.6619 20.0914 16.8165 19.5191 17.2655 17.6944 14.7609 19.3965 17.2014 18.3673 17.4691 19.6913 17.8672 18.8435 15.8657 18.9606 14.8516 18.4996 17.6781 18.7310 18.0852 17.3323 18.8823 15.9789 20.2949 16.5583 18.7868 18.8307 18.8111 16.2250 17.4124 16.5784 18.4875 16.9671 18.9618 18.3245 17.2259 18.2185 17.8786 16.1447 18.4881 19.6509 19.7681 19.3074
16.4661 18.1880 16.6767 15.9188 19.7214 16.5255 16.4824 18.4145 17.1525 18.4379 18.8644 16.4215 17.8332 17.0708 17.4853 17.2423 15.5327 13.8393 15.2649 15.7234 18.1997 19.7103 16.3671 18.3724 17.9624 18.0473 13.9028 18.5034 16.5637 16.2786 17.1808 18.2869 17.1106 18.3371 16.0417 18.7880 16.2306 18.8930 17.1450 18.3155 17.2775 16.3812 19.1442 15.5951 20.1662 15.8430 18.7437 18.6851 18.5793 16.8306 18.6714 16.6339 17.1008 16.5256 18.1952 16.8695 16.0017 16.7365 16.6566 15.0207 18.1753 19.2279 19.4124 18.8221
14.0896 17.2989 14.5496 13.3078 16.8157 15.0882 16.2124 17.6952 15.2709 17.3208 17.3657 16.0470 16.1218 17.6308 16.1344 15.0365 16.0094 13.7575 15.2226 14.5398 16.8806 16.4534 17.3225 16.9254 16.1907 16.7968 13.1968 17.9765 15.8094 16.5769 14.8307 17.5914 18.1493 17.9122 14.6505 15.7262 13.8993 16.0944 17.0099 17.4076 15.6321 14.9905 17.1392 13.9532 18.5421 13.7190 17.1898 18.8454 18.6444 15.9608 14.7858 16.3844 16.0371 16.9869 16.0018 15.1664 15.2045 15.0000 16.5390 14.3252 16.9041 17.7992 17.2968 17.9064
14.2720 18.1453 14.2163 12.5300 16.5406 15.0374 15.7815 16.9928 13.8594 16.3941 16.6797 13.5231 15.4283 17.4374 16.1277 14.5560 13.3868 14.2040 14.0071 13.8368 16.2607 15.9815 14.9648 15.0662 16.9746 15.2087 12.9363 16.2256 16.0096 16.1248 15.2740 16.5019 16.0055 16.4879 15.2048 16.8257 12.6702 15.6817 16.6274 16.9068 16.1943 14.9429 15.6361 13.9741 18.0029 14.5553 16.4365 17.4481 18.1299 15.3799 14.9264 15.7959 17.5225 15.8028 14.9246 15.8448 14.5656 15.0041 15.4615 13.4018 15.6198 17.7364 17.6369 16.6195
15.5260 17.6365 15.9407 15.5767 17.8595 17.2109 16.4025 18.1272 15.8476 18.5566 20.4207 15.9965 19.4204 15.7901 16.7688 16.8146 15.5245 15.3986 15.3299 15.0134 17.6555 18.7260 18.0883 17.4377 17.1956 18.1387 13.5452 18.3709 16.5603 17.3601 15.6320 19.0479 17.9956 17.6545 16.9665 17.6640 15.6147 16.8415 17.0297 17.5013 17.3292 16.2473 17.3324 14.9046 20.0263 15.9792 18.5921 18.9259 19.1059 16.6199 17.3300 15.5417 19.1541 16.8222 18.8989 17.1039 16.3018 16.8388 17.5899 14.2746 17.3533 18.5356 18.1008 17.8316
12.5979 13.9081 11.5251 12.9020 15.0508 13.9569 13.6238 12.8778 13.6729 14.1410 14.3012 13.1975 13.8931 13.8006 15.0573 13.3462 13.4160 11.3366 11.8939 11.2050 14.0070 15.6696 13.9151 15.0203 14.2029 14.1307 11.0482 14.9011 12.9184 11.7740 13.3018 14.1750 14.3180 13.7798 12.7319 13.7124 11.0502 13.6181 12.9683 13.1716 13.5925 12.8992 14.0043 11.6094 15.9014 11.8207 15.9347 14.0941 15.0803 13.2488 13.2129 11.7999 12.9265 12.7233 13.8830 13.6600 12.5016 14.0392 12.4250 11.5711 13.6110 15.3090 14.2861 16.0227
15.1508 16.5104 13.9793 13.6193 17.6921 16.5598 14.9277 17.6794 15.0308 16.1585 17.6597 13.7278 14.6363 16.6196 15.9051 14.6160 14.4444 13.7523 13.8731 13.7345 15.6850 16.5547 15.6823 17.4855 17.2170 15.7951 12.8146 17.1319 15.1909 15.7953 15.9775 17.3581 16.1289 16.9805 14.6061 17.3253 15.4684 15.6165 16.4327 17.0493 16.3849 15.5725 16.9005 13.7918 17.2449 14.8399 16.2902 18.3604 18.1966 16.3910 16.6497 15.1987 17.2582 16.1481 17.3304 16.9233 14.7758 15.7309 15.8740 14.7494 16.8336 17.6244 17.7864 16.3133
12.3070 15.3954 13.7592 12.3769 15.5976 13.5209 13.6765 15.5816 13.9519 13.6583 15.5922 13.1798 14.7779 14.4891 14.6569 14.3788 12.3546 11.1358 12.2012 12.5178 15.6528 15.9060 14.5566 15.1763 14.4033 13.5474 11.3325 14.8382 13.2228 14.7572 13.1524 15.4147 14.8050 14.5447 12.9109 15.6232 11.8756 13.1354 13.9927 15.4085 14.8618 14.4096 14.8910 12.3166 16.1161 13.0198 13.8484 15.5813 15.9362 13.1602 13.5250 14.3249 14.9445 13.3250 14.2613 13.0048 13.1001 13.6249 14.0304 11.9737 15.2569 15.0781 14.6124 14.2530
13.9536 18.3708 16.8571 14.4350 18.3587 14.5194 17.5621 17.9529 15.2227 17.7740 17.8462 16.9993 15.5241 18.7622 18.0341 16.5605 16.0950 15.0714 16.1929 16.5726 17.6355 19.4911 17.1453 17.4088 16.7724 18.6928 13.6232 18.3983 15.5470 16.8790 16.2175 18.3773 18.1606 18.4445 15.4779 16.9682 14.4577 17.1039 16.4417 18.3009 15.8536 16.1965 16.3524 15.5740 19.2030 15.3757 18.8947 19.0988 19.2068 15.4263 16.6716 16.2747 16.9272 17.2557 17.9278 17.8576 15.4675 15.1370 16.5109 14.3801 20.0285 19.6218 18.6328 18.0875
14.3294 17.6027 14.3465 13.9421 17.5770 15.5105 15.1827 17.4889 15.2476 16.2973 18.0539 15.3004 15.7712 15.6243 15.8343 14.6182 16.1612 13.5144 15.6531 13.4651 17.0524 17.9415 15.8500 18.3880 16.0107 16.6933 13.7862 18.3914 15.5993 15.6402 14.0572 18.3440 16.6280 18.9586 14.6122 16.3590 14.8285 15.1834 16.4161 16.3734 16.0549 14.2668 16.6927 15.2530 18.6133 13.6633 16.0057 18.9939 17.7134 15.5204 15.7577 16.6259 15.2225 15.2914 16.8017 15.5671 15.7362 14.5649 15.1971 14.6199 16.6492 17.4893 18.0546 17.4669
12.6821 16.7718 15.0694 13.5115 15.7726 13.4633 14.4534 16.6286 14.4297 15.9276 15.7911 14.2014 15.3902 15.2780 15.1857 14.0688 12.5251 11.3699 13.4683 13.5518 16.4605 15.9174 15.3474 16.0938 16.0369 14.5990 12.7764 15.6133 14.8350 13.5343 14.1652 15.7889 15.2312 16.3664 13.8494 16.3281 12.9388 14.7943 14.7306 16.2577 15.6795 14.0032 15.2938 13.9733 16.7791 14.1246 17.1048 16.9817 16.6087 14.6500 14.2100 14.1321 15.0332 14.9500 14.9638 13.1613 14.6381 15.3409 15.4142 12.2637 15.4447 17.2162 16.5866 16.0640
14.8495 17.3305 15.5617 14.2009 17.4957 16.0936 16.1600 16.6620 16.3232 17.1197 17.6261 14.7130 16.8452 16.4060 16.7588 15.7374 15.3203 12.9002 13.8038 14.9247 17.3667 18.0111 16.7013 15.9377 18.3874 15.9050 12.9938 18.8363 15.2634 16.9739 15.4536 18.0535 18.0894 18.2963 14.3202 16.0063 15.5182 16.9751 15.9496 17.3544 16.1895 15.8771 17.0879 13.9286 18.5390 15.0653 16.6656 17.4252 17.0800 15.3957 17.1494 16.8205 16.8218 15.7328 17.4166 14.7679 15.4316 15.0979 16.5458 14.3852 15.7861 18.7138 18.3869 18.2463
12.8769 15.5903 14.3621 14.0036 16.8204 14.9792 13.9636 15.8741 13.6988 15.4507 15.5873 15.5241 15.4014 15.5590 15.4451 15.4626 14.2728 13.3386 14.3570 12.2616 15.9919 15.9819 15.3014 17.9121 15.7890 14.7850 11.8753 15.6507 14.8851 15.3754 14.1282 15.8025 16.2077 16.2487 14.1969 16.1878 12.0074 14.7078 16.1094 16.2871 15.3172 15.3396 16.3405 13.4225 17.0743 14.0830 15.7726 16.5828 16.1595 15.3498 15.8346 14.7753 16.0707 14.2373 14.9757 15.5754 13.1320 15.7818 15.1452 12.6783 16.2917 16.2705 15.2580 16.5793
15.9882 19.1043 17.1067 16.6986 19.9976 17.9602 16.2465 18.0558 17.6858 18.7429 20.2320 17.3208 16.8839 17.9533 18.4692 17.2274 16.4099 14.5682 16.3059 15.2021 17.9773 19.2499 18.1733 19.7357 18.7441 18.2847 14.4868 19.4570 16.9907 16.9364 17.5799 18.7638 17.4194 19.0059 17.3351 19.8442 15.4813 17.8765 16.2809 19.3974 19.0998 17.4613 18.9107 16.3259 22.1000 15.9417 18.8993 19.7633 19.8514 17.3737 18.2324 17.3754 17.9284 16.1219 18.3495 18.0832 16.7134 18.2523 18.5052 15.1374 19.5783 20.1344 19.1198 19.2173
14.3806 17.0758 16.5524 15.1984 17.9111 15.4796 15.5488 17.6824 15.4157 17.0409 18.8455 16.0698 15.9827 17.2200 14.9076 15.0648 15.4016 14.7582 13.9058 13.5914 17.7566 18.3507 17.0280 17.6973 16.0663 15.7674 12.4266 18.0005 15.4001 16.3561 14.1353 17.8405 16.8090 18.2150 15.0739 16.3886 12.9611 16.2140 15.2056 17.2957 17.3243 15.2270 14.8801 14.3917 18.9289 14.1669 17.7493 18.8624 19.0188 16.3537 15.5054 15.6636 16.7344 16.1829 16.0315 16.1237 14.2466 15.7106 15.9380 12.4926 17.3043 17.2051 17.3721 16.8795
15.3003 16.1781 16.5950 14.8555 18.2081 16.8829 17.3233 18.8711 16.1507 17.9660 20.1538 16.5440 15.4062 17.8561 17.2821 16.3415 16.6915 14.8915 14.9128 15.8942 18.1997 19.2169 17.6859 19.1487 17.2169 18.4773 14.8243 17.8305 16.4805 16.7327 16.5401 19.0086 17.7009 18.3072 17.2256 17.7532 16.1489 17.5476 17.0813 19.0164 17.1450 15.8451 15.8610 16.1257 19.2955 15.9291 19.3302 20.1157 18.8664 18.0841 15.5901 16.1571 18.6331 16.5097 18.2617 18.1670 15.3272 16.4670 16.7669 14.7166 19.6328 19.8146 19.1890 16.9121
13.9747 16.1142 13.5246 14.1592 16.3057 14.7492 15.3352 15.3582 14.9958 16.0778 17.4252 13.9858 16.1042 16.0932 17.0569 14.9953 14.5029 13.1277 13.4540 13.3245 15.1672 17.2081 16.5637 15.5516 16.0093 14.8362 13.1286 18.3393 15.5804 15.1556 14.3132 16.8767 16.4790 16.1076 14.7289 14.9456 13.3058 13.3060 15.6256 15.4526 15.4659 14.6941 14.3594 13.8667 17.4986 13.7911 16.2638 16.8641 17.6194 15.3628 15.2003 15.2757 16.0225 13.6788 15.2234 15.7512 14.9111 16.0220 13.9610 12.6157 16.3977 16.4015 17.3036 17.4694
14.7140 16.4116 15.4033 15.3655 17.5127 15.7485 16.1450 17.3414 14.1619 18.2056 17.5419 15.4424 16.3782 17.4847 17.2935 15.5875 14.9197 12.9592 14.2066 14.2897 16.1717 16.9606 17.3036 17.7638 17.2104 17.0703 12.8913 16.3621 16.3596 15.9858 14.1453 17.2695 17.1149 17.5641 14.1101 17.4478 14.1102 15.5320 15.6197 16.5495 15.5104 14.4815 16.8732 15.2933 17.9953 14.6763 18.5566 19.1091 17.8815 16.1775 15.8251 16.3875 16.0455 15.5201 15.1527 15.7754 13.6960 16.3130 15.2510 13.6364 17.5342 18.8578 16.0077 18.1707
13.7989 16.0443 15.2278 13.5760 17.2131 14.9580 15.4471 16.9819 14.5272 16.8256 18.2293 15.0125 16.3276 16.1239 16.5180 16.0235 14.7311 13.9869 14.5634 13.8569 16.2281 17.7980 16.8261 18.5031 14.2977 16.5140 13.2890 15.5889 16.1247 14.8710 14.9796 17.2442 15.8920 16.1290 14.7205 16.6563 13.6602 14.3100 15.9413 17.2278 15.3394 14.2384 15.5746 15.1843 18.1932 13.9854 17.4981 18.3426 17.3399 15.6327 14.3685 14.8304 15.6900 14.8523 16.2741 15.1309 14.0230 16.3407 15.9647 14.0572 17.6191 16.6244 16.9938 15.8479
15.9690 18.8854 17.0955 16.1097 19.6538 18.1280 19.2995 19.2782 17.5403 19.2215 20.2056 17.3526 18.7927 18.4458 18.6512 17.4339 17.1122 15.5369 16.0536 16.2936 18.7454 20.5769 18.4948 19.4987 18.0422 18.3489 14.4616 21.5041 17.7205 18.1846 15.9903 20.3226 19.3632 19.7860 17.5984 18.6671 15.4918 17.0995 18.4528 19.3178 18.1872 17.6949 17.1309 15.9557 20.2663 16.2911 19.7453 20.6039 20.5717 18.2221 16.7784 17.7014 19.5522 17.6597 18.5217 17.6730 16.6047 17.8899 18.2130 15.7029 18.2042 20.0863 20.6696 20.4494
16.6831 20.9971 18.2799 15.7315 20.5899 18.5320 18.7562 19.9930 18.3802 19.7097 20.9798 17.7461 17.8668 19.6422 19.9791 18.6454 18.2752 16.6918 17.6475 17.2127 20.4492 21.1313 19.2017 20.5589 19.8293 19.5448 15.4072 21.4846 18.8487 18.8374 18.2519 21.4409 19.8705 21.1570 17.7628 19.2253 16.0629 19.1327 18.5102 20.3397 18.5395 17.8018 19.6512 16.9375 21.6579 16.3299 20.2920 19.8864 20.6888 17.6605 19.0478 19.0461 18.7040 17.9111 19.4344 19.0869 18.2466 18.5546 17.9688 17.0810 18.9319 22.6422 20.8663 21.6650
13.8283 15.4140 12.2109 12.3897 15.4529 13.5940 13.5737 15.3043 13.0935 14.8323 14.8321 13.7274 13.4858 14.2295 15.1740 13.2289 13.5689 12.7053 13.0989 12.6619 13.8983 14.9619 14.2655 15.5122 14.5012 14.7392 11.0596 15.4152 14.0745 13.6881 12.3458 15.6800 14.4198 15.5568 14.6914 14.8472 11.4971 14.2938 14.7172 14.9748 15.0883 12.6839 14.8701 12.8606 16.1050 12.8979 15.5180 17.1342 16.4312 14.5182 13.6320 13.3356 15.4435 13.5362 13.5768 14.6925 12.8393 14.9900 12.7783 11.5532 15.1419 15.6309 14.9025 15.0117
14.7042 17.2897 14.9710 13.1197 18.3758 15.7210 16.5329 16.6132 14.7759 16.6988 17.8911 14.8509 14.7511 16.4774 17.3145 14.8917 14.9474 14.3535 13.8719 14.3578 15.6720 18.1389 16.1268 16.7743 14.7157 16.6947 13.0197 17.3311 15.0695 16.5818 14.2040 18.3485 16.9849 17.3284 16.0219 16.8957 13.4773 14.9843 15.5014 16.3458 16.5198 14.5253 16.0979 14.1868 18.2008 13.9989 17.3721 19.0121 18.5603 16.3850 15.6734 15.4447 17.0692 15.4887 16.9866 15.7888 14.4244 14.8987 15.9452 14.0020 17.0255 17.8277 17.1099 16.9865
14.0154 17.1723 16.6816 15.3174 16.2714 15.1249 16.2896 16.6245 14.7893 17.5264 17.0629 16.2077 16.3138 16.2124 15.8304 16.1693 14.0680 12.2249 15.6317 15.4888 18.2279 18.0700 15.9133 17.3436 16.6067 16.7558 13.4227 17.0355 14.8793 15.2998 15.8473 17.7942 15.6060 16.9629 15.0602 17.8837 14.2800 16.6859 16.0773 17.5112 16.6129 15.9768 15.7809 14.5222 19.4032 15.2641 17.1526 17.3702 17.6858 14.2208 15.6812 15.6780 16.8680 15.2086 16.7846 15.8799 14.7553 15.2981 16.9810 12.7637 16.8629 17.8812 17.7546 17.4410
13.4035 14.7785 13.9104 13.5835 16.0849 14.3271 14.2049 14.9511 14.2323 16.4699 16.7165 14.5352 13.8757 14.1954 14.4644 13.7355 14.8097 12.8891 13.2035 12.0902 15.3145 16.0666 15.0686 16.2692 14.7095 15.0676 11.7457 17.0147 14.6462 14.6913 13.5264 15.4869 14.7406 15.3494 14.4243 14.5070 13.3592 14.7286 14.7205 16.7319 14.6516 14.2484 14.7411 12.6060 17.6439 13.2166 15.6619 16.9442 16.0338 14.4782 15.0242 14.3638 14.3944 14.1430 15.4845 14.6161 14.7112 14.1566 15.0698 13.4983 15.2864 16.5573 16.3392 16.6420
13.6452 16.0860 15.2501 15.6015 17.7057 16.1286 15.9256 16.5883 16.1858 18.0936 19.3165 15.0796 16.9689 16.4814 16.9368 15.3341 16.3374 14.1741 14.3844 14.6352 16.9561 17.4207 16.4894 17.1609 17.3259 18.4083 13.4435 18.3299 15.6137 16.3501 16.1101 18.4248 17.7069 17.6496 15.8670 17.3201 14.6719 17.3904 14.7896 16.2312 15.2372 16.8411 17.1415 13.8416 18.9524 14.7966 18.8820 17.5448 17.5872 16.1717 15.5112 15.0842 17.2268 15.9985 17.6757 16.4755 16.5815 16.2264 17.2155 13.8644 16.9997 18.0424 17.2976 18.5794
14.6626 16.2165 14.7174 14.1782 16.9894 16.3547 15.0147 16.5610 14.8453 16.5535 18.6492 15.9690 17.1207 15.2291 16.0687 16.3967 15.1893 12.8945 15.5134 13.8708 17.0159 16.9026 18.3533 17.4367 16.6507 15.5452 12.4596 18.4306 15.8149 17.0846 13.8775 17.3764 16.6948 16.4928 14.5829 16.9993 14.0930 14.5194 16.4527 17.1507 15.5819 15.6775 16.2119 13.9467 17.8236 15.7222 18.1220 17.7437 18.4793 15.1034 15.9097 15.8636 17.5014 15.0573 16.3345 15.6117 14.6993 16.3121 15.6830 13.4306 16.8519 16.8553 16.5222 17.7584
15.6707 17.5591 16.7411 15.8990 18.3240 16.6891 16.8385 18.6968 17.0495 17.8918 19.3225 17.1730 17.2957 16.9611 17.1994 16.0966 16.4536 14.6399 16.2986 15.6537 19.3863 17.9101 17.9928 19.9363 19.5591 18.0230 14.0655 18.9624 17.6218 16.7744 15.4913 20.4459 18.7265 19.4882 16.7601 18.2289 15.2907 17.6155 17.3671 18.8801 18.8224 15.8709 17.4797 14.1169 20.1453 15.9932 20.0095 20.0422 19.8279 17.7049 16.2454 16.5142 19.0819 17.6416 17.9119 16.8095 15.8527 17.2670 17.1541 14.1325 17.8997 19.6726 19.0600 19.2076
13.7860 18.9777 17.9056 16.4530 18.8355 17.1810 16.3518 19.4713 17.0071 18.1062 19.4454 16.8857 18.1733 16.9605 17.6538 17.3726 15.7354 15.0211 14.9728 15.6578 18.7379 18.7379 17.9900 20.5052 18.1354 18.0050 13.8452 20.3001 18.5793 17.8845 16.1405 19.4669 19.0114 20.3087 16.2973 18.2740 13.6659 17.5040 17.1757 19.7157 17.3069 17.0754 17.9628 14.8531 20.2199 16.2152 19.3240 19.4865 19.9798 18.2444 16.8857 16.6554 18.9547 17.2073 18.8692 17.2011 16.1712 18.3602 19.1848 14.4573 17.8008 19.2663 18.4929 19.3962
12.8884 16.1911 12.7006 11.8966 14.8201 11.2986 13.0703 13.7209 12.7240 13.6500 14.6556 12.5801 12.7414 14.7430 14.5892 12.4707 13.1775 11.1287 12.3552 12.0101 13.8423 15.0374 13.9266 13.1543 14.3484 13.7103 11.8814 14.7241 13.1675 13.0199 12.2464 15.0986 14.2499 15.7153 11.7701 14.2000 11.5138 13.6193 12.8872 13.2330 14.5011 12.1237 14.6614 11.8778 15.7303 11.9560 14.9478 15.5686 15.5926 12.3186 12.6633 12.8959 14.0053 13.8651 13.3465 13.5090 13.1652 13.3079 13.5317 10.8643 15.1702 13.4634 15.1106 15.3072
14.1254 17.9483 16.0521 14.5039 19.0967 16.3843 16.7357 17.2326 16.6720 16.7262 18.1491 16.3103 15.0955 16.4553 17.7274 16.9071 14.8957 15.3924 15.1205 15.4572 15.9306 19.7814 17.2139 18.8926 17.0450 17.5453 13.4937 18.8645 16.0772 15.9647 16.7023 19.3680 16.2255 18.1416 15.6061 16.7273 14.7759 16.8529 16.5291 18.4800 16.6320 15.9888 15.4701 15.7645 19.7511 14.9666 18.2587 18.6433 18.9787 16.9056 18.0645 15.3914 16.3904 15.9726 19.1010 18.5239 14.7049 15.6821 16.0385 15.3847 18.2068 19.9417 18.8250 17.1616
13.7429 15.7898 14.9912 13.8516 17.7133 14.6968 16.6054 15.4764 15.4394 15.7041 17.6674 15.6426 13.4201 14.9571 15.7684 15.7499 14.6337 13.4423 15.4852 14.6990 15.9376 17.5796 16.0781 17.7235 16.3419 16.4499 12.5156 17.5964 14.4982 16.1729 13.8907 18.0777 15.9377 16.6929 14.8625 16.5535 13.5458 15.2955 14.5241 15.8933 15.2135 14.3808 16.0272 13.5683 17.3659 14.0308 16.3475 17.0382 16.2578 15.5687 15.4583 15.0245 14.3714 15.4465 16.1045 15.8254 13.4758 15.0847 15.9421 12.6118 18.1779 17.7462 16.0012 16.5111
12.0534 14.9619 13.9967 12.7135 15.3185 14.9333 13.3845 14.9488 12.7523 14.7756 16.4214 12.5482 13.4697 14.5705 13.7003 13.9989 13.1414 12.0764 12.9341 12.3721 16.1860 15.9208 14.1615 15.7691 14.7036 14.1812 11.4525 15.6311 13.0386 14.5449 14.5665 15.9149 13.8475 16.1083 12.7805 15.7369 12.4448 15.4778 14.3452 15.6642 15.1221 14.4370 13.1131 13.8021 16.2715 13.3370 14.6567 15.1548 16.3316 14.0853 14.8775 12.7930 16.0998 12.7699 15.6286 15.1302 12.8166 14.4347 13.3169 13.0029 14.4390 16.0522 16.3967 15.2255
14.3997 16.1088 14.9468 14.3857 17.1553 14.5349 15.0509 16.4566 15.2557 17.2390 17.2294 14.6263 15.8691 16.0759 17.3794 16.7471 14.6182 13.8825 14.5909 14.1326 15.9835 16.3919 17.0633 17.6546 16.7778 16.4442 12.1044 16.9422 14.8967 16.6631 15.0803 17.1301 17.2802 16.1988 15.0654 16.6237 14.3301 15.2842 16.4113 17.1912 15.3628 15.5843 17.8144 11.9919 16.4912 15.0727 17.4232 17.8163 17.0197 15.4509 15.8016 14.2207 16.5430 16.5212 15.4904 16.3148 15.0718 16.2986 16.2261 12.0682 16.8101 17.3377 16.6925 18.3483
12.3942 14.3909 13.4639 11.2818 14.3125 12.1861 12.8154 14.5915 11.6330 13.9734 14.9526 12.3184 13.3325 13.6524 12.5852 12.6625 12.5775 11.3343 11.5975 11.5023 14.5680 14.7154 14.4328 14.0283 12.9123 12.7111 10.1684 14.3941 12.3100 14.2119 11.4018 14.0591 14.3132 15.0956 11.9691 13.9468 11.1518 13.9429 13.4451 14.3385 13.8046 12.1607 13.1798 10.7858 14.9844 11.9060 13.5432 15.3046 14.0775 12.8790 13.9283 13.2128 15.1290 13.4920 13.1139 12.2878 12.6486 12.3371 13.5917 10.0118 13.3405 14.4685 14.3436 13.6734
15.6292 18.3174 17.4520 16.8434 19.3269 17.3896 17.6518 20.3778 17.8979 19.6969 20.2856 17.8331 18.4419 18.6351 18.9636 17.7645 17.1748 15.1994 16.3883 15.4754 20.8213 19.5121 18.3582 21.2074 19.4652 19.0386 14.7328 20.0142 17.6589 17.0862 16.8295 19.3668 20.0904 20.5417 16.2561 18.9589 16.1966 18.7776 17.1865 18.5199 17.5774 16.4787 19.5234 16.0859 21.2500 17.2517 19.8240 20.4121 20.2506 17.9180 17.7210 16.8735 17.4131 18.3609 20.4706 16.1549 17.6303 18.4310 18.2887 15.5256 20.0066 19.9851 18.2370 19.2450
13.3444 16.2754 15.8282 13.6070 17.1573 16.5139 15.2237 17.2959 14.2284 16.5839 16.6259 14.8090 16.0248 17.0285 16.6944 16.0709 16.4694 13.7592 15.1333 14.0548 17.4954 17.0579 16.6494 17.4821 17.9652 16.3824 12.1697 16.4276 15.3576 17.2496 14.6735 16.8389 16.8189 16.1893 13.5784 17.2630 13.9625 15.5729 16.4637 17.4622 14.8093 15.7080 16.4174 14.4265 17.2715 15.4071 17.4451 17.3039 16.6631 14.9628 15.9074 16.1946 16.7713 15.6085 16.6665 16.6267 14.3344 14.5247 15.6789 14.3872 16.7241 17.8751 17.8061 17.7298
14.4517 16.5276 15.4942 15.0531 17.8885 15.7995 14.7199 17.9666 15.2457 16.1487 18.0177 15.0818 15.2900 15.7734 16.0887 15.5616 14.8336 14.2967 14.8147 13.8060 16.3897 16.5018 15.6977 16.2621 18.3015 16.1776 12.7668 17.5001 15.7001 16.1835 14.5737 16.9103 16.9605 17.7998 13.4780 17.3333 13.9280 16.9806 16.0369 17.4919 15.7155 15.4883 16.6183 14.0659 18.2394 16.3941 17.8119 17.4718 16.4974 14.7815 15.6322 15.2051 15.9802 16.4905 16.7665 15.4572 16.0533 16.0427 16.7705 12.3313 17.3787 17.1332 18.0651 17.3810
16.6020 18.8760 16.6966 15.2997 20.3384 17.3692 16.5783 19.0459 16.8090 17.1622 20.6400 17.0231 16.7403 17.3661 17.4160 17.6764 17.0114 15.3394 15.8461 15.6197 19.3861 18.1146 18.0299 19.7095 18.2846 17.8457 14.6539 19.3952 17.7904 17.7633 16.4476 20.8517 18.7194 20.1784 15.5516 18.7124 16.2547 17.3717 17.3104 18.2250 17.3742 16.5474 18.2535 16.0274 19.7244 15.7141 18.8909 20.0771 19.8733 17.7247 17.2358 16.2015 19.0532 16.8205 19.6064 17.9995 17.1201 17.2741 17.0383 17.3425 19.5859 18.6773 19.5771 18.0519
14.5979 17.7788 16.5318 15.0213 18.3749 15.4064 15.7454 17.3474 16.7516 18.1069 19.3221 15.6526 16.1744 16.9148 17.6371 15.6100 15.2713 14.6460 14.1916 14.9483 16.5074 18.1698 17.6078 17.8120 16.4673 17.7863 13.0754 18.4040 15.8800 16.4920 15.2922 18.5720 18.5728 18.3886 15.5511 17.4673 13.3902 15.8875 14.7270 17.3226 16.3660 15.5261 16.6654 15.1829 19.7398 14.1304 18.1290 19.3724 18.9092 15.9067 16.5418 15.5804 15.9141 17.4677 17.4581 16.9033 15.6264 16.7072 16.8764 14.3073 18.0008 18.5648 17.8587 18.7794
16.9847 17.2494 16.1771 16.3198 18.0219 16.4734 16.8304 17.9068 16.0696 18.7248 21.1456 15.6646 15.9174 16.8488 15.7012 15.8795 17.7641 14.7218 15.6671 15.3320 16.7537 19.0184 17.6867 18.4771 15.9552 17.8316 14.1496 19.0885 16.8115 16.3511 15.1763 19.4942 17.3144 19.0630 15.7823 17.4061 15.4246 17.4734 16.8645 18.1611 18.4860 15.6200 17.3263 14.9256 19.0643 13.9216 18.0002 20.3285 19.6401 17.7179 16.8766 15.4773 17.9916 16.9284 17.6871 16.9767 16.0391 17.4817 17.1700 14.0199 18.6067 18.3312 18.2871 17.8135
14.7315 16.1406 14.5268 13.6426 17.3865 14.7520 15.7210 16.9846 14.9279 16.1038 17.7685 14.8461 15.9018 15.5241 14.9734 14.8064 15.3899 13.2219 14.8435 13.3792 16.0152 17.5421 15.9192 16.2126 16.2863 16.1987 12.0783 16.0593 13.9294 15.9599 14.1812 16.5757 15.6954 16.8390 14.4420 15.5802 14.9269 15.5495 15.5785 16.5769 16.3530 14.0442 15.5075 14.3228 18.6507 13.8549 15.1541 17.6614 16.7210 15.2329 15.4743 15.0075 15.3656 15.2296 16.4120 16.0572 14.6238 14.2507 14.8098 14.4466 16.6035 18.0585 17.4300 15.9504
13.6826 15.0228 13.5760 12.5066 16.6679 13.2343 13.7832 15.0334 12.7318 14.1745 15.7400 13.2604 13.4438 14.1203 14.6258 13.4771 13.9257 13.4082 13.1071 13.1239 13.6522 16.2986 13.7809 14.7559 13.8832 15.6408 11.2809 13.4005 12.8172 14.2180 12.8972 16.2353 15.2245 15.8152 13.5292 15.0717 12.3000 14.8751 14.8185 15.0921 15.0943 13.6328 14.0828 13.0525 15.9132 12.3656 14.1675 17.0448 14.5570 13.4655 15.7069 13.2732 15.2670 14.2960 14.8393 15.8652 12.5816 14.0062 13.8735 13.4120 14.8543 16.3445 16.6064 14.5278
11.9281 14.7443 13.8181 12.6362 15.3169 12.9631 13.8869 14.5232 12.9302 14.7977 15.5217 13.0496 13.1964 14.5423 14.8641 13.1035 13.7121 11.7180 12.4489 13.4857 14.7467 14.9447 13.8596 15.3602 13.4296 15.0115 11.5891 15.0113 13.0878 14.0796 12.9091 16.7411 14.4877 15.0485 13.0045 14.1654 11.5673 13.7376 13.5666 16.1465 15.1086 13.7285 13.2126 12.3718 15.4660 12.8914 15.4688 15.8553 15.5890 13.8821 12.6444 11.9266 14.7438 13.4200 15.5230 14.5592 13.1103 13.3333 13.5733 12.1666 15.8008 15.1332 16.3640 14.7142
15.8890 18.0088 15.5379 14.5293 17.5092 16.9826 16.1324 18.7870 15.9325 17.1068 18.1806 16.1532 15.3231 16.9706 16.5554 15.5205 15.9937 13.8019 14.0888 14.9347 18.3412 18.1933 16.6261 18.1457 17.2706 17.7037 13.3481 18.9645 15.7542 16.4699 15.2893 18.8439 16.7142 18.8647 16.4847 16.6658 16.5795 18.0779 16.7416 17.2556 16.7349 15.2886 16.8320 14.8546 18.3720 15.7865 17.8633 20.4037 19.9296 16.5758 16.2435 15.3628 17.2519 17.6645 19.3934 17.2318 15.7988 15.4920 16.7781 16.2126 18.0105 18.8640 18.0661 17.4149
12.8945 17.0639 16.6953 13.9656 17.7791 14.8280 14.8814 17.0685 14.7511 15.3529 17.4538 16.2593 16.1288 16.2114 16.5076 16.4095 14.9381 12.9021 14.2842 13.7682 16.3185 17.6573 17.4886 16.8759 15.8877 16.0636 12.8226 17.8104 15.2344 16.2823 15.4245 16.9542 16.7322 18.6496 14.2491 16.4121 13.5894 15.6870 16.4613 17.5668 16.7913 15.8257 17.0856 14.4516 19.1193 14.7897 17.0484 17.8070 18.6534 15.3120 15.5250 15.4425 16.0069 14.9677 16.8707 16.1792 15.4546 15.7238 15.8926 13.4121 17.0421 16.7358 18.6438 17.5922
14.4102 15.5548 13.7511 13.2240 15.6178 14.4829 14.1361 16.3825 13.8799 16.0940 17.1514 12.4518 14.6360 14.8722 14.5901 13.9880 13.5552 13.7744 13.6262 13.6683 13.9912 15.6775 15.8485 15.4305 14.9238 14.1299 11.2759 15.7959 15.0807 15.5861 13.3016 17.8332 15.0506 16.5536 14.1933 15.7187 13.0272 13.5598 15.2127 15.6110 16.2812 14.3026 14.2230 13.1930 16.6878 12.7453 15.4319 16.9712 16.4904 14.9068 13.7332 13.4282 17.0115 14.1112 14.8338 15.3808 13.5304 15.3297 14.8746 11.8919 16.0123 15.0272 16.2126 14.7429
